wl mean sd sem
300 1.73573791899089 NA NA
301 1.73350237602467 NA NA
302 1.73129652006084 NA NA
303 1.72911982017125 NA NA
304 1.72697175689247 NA NA
305 1.72485182193865 NA NA
306 1.72275951792146 NA NA
307 1.72069435807896 NA NA
308 1.71865586601117 NA NA
309 1.71664357542437 NA NA
310 1.71465702988126 NA NA
311 1.71269578255914 NA NA
312 1.71075939601439 NA NA
313 1.70884744195333 NA NA
314 1.70695950101015 NA NA
315 1.7050951625301 NA NA
316 1.70325402435938 NA NA
317 1.70143569264055 NA NA
318 1.69963978161306 NA NA
319 1.69786591342038 NA NA
320 1.69611371792099 NA NA
321 1.69438283250563 NA NA
322 1.69267290191887 NA NA
323 1.69098357808562 NA NA
324 1.68931451994245 NA NA
325 1.68766539327314 NA NA
326 1.68603587054873 NA NA
327 1.6844256307723 NA NA
328 1.6828343593268 NA NA
329 1.68126174782797 NA NA
330 1.6797074939804 NA NA
331 1.67817130143806 NA NA
332 1.67665287966759 NA NA
333 1.67515194381572 NA NA
334 1.67366821458039 NA NA
335 1.67220141808443 NA NA
336 1.67075128575319 NA NA
337 1.66931755419496 NA NA
338 1.66789996508465 NA NA
339 1.66649826504998 NA NA
340 1.6651122055616 NA NA
341 1.6637415428246 NA NA
342 1.66238603767407 NA NA
343 1.66104545547248 NA NA
344 1.65971956600977 NA NA
345 1.65840814340649 NA NA
346 1.65711096601843 NA NA
347 1.65582781634454 NA NA
348 1.65455848093638 NA NA
349 1.65330275031067 NA NA
350 1.6520604188629 NA NA
351 1.65083128478414 NA NA
352 1.64961514997909 NA NA
353 1.64841181998683 NA NA
354 1.64722110390274 NA NA
355 1.64604281430291 NA NA
356 1.64487676717031 NA NA
357 1.64372278182236 NA NA
358 1.64258068084079 NA NA
359 1.64145029000262 NA NA
360 1.64033143821331 NA NA
361 1.63922395744126 NA NA
362 1.6381276826537 NA NA
363 1.63704245175457 NA NA
364 1.63596810552341 NA NA
365 1.63490448755576 NA NA
366 1.63385144420557 NA NA
367 1.63280882452776 NA NA
368 1.63177648022355 NA NA
369 1.63075426558588 NA NA
370 1.62974203744667 NA NA
371 1.62873965512527 NA NA
372 1.62774698037821 NA NA
373 1.62676387734948 NA NA
374 1.62579021252294 NA NA
375 1.6248258546749 NA NA
376 1.62387067482836 NA NA
377 1.62292454620811 NA NA
378 1.62198734419678 NA NA
379 1.62105894629214 NA NA
380 1.62013923206484 NA NA
381 1.61922808311781 NA NA
382 1.61832538304621 NA NA
383 1.61743101739781 NA NA
384 1.61654487363545 NA NA
385 1.61566684109896 NA NA
386 1.61479681096907 NA NA
387 1.61393467623125 NA NA
388 1.61308033164105 NA NA
389 1.61223367368971 NA NA
390 1.61139460057073 NA NA
391 1.61056301214729 NA NA
392 1.60973880991994 NA NA
393 1.60892189699572 NA NA
394 1.60811217805712 NA NA
395 1.60730955933235 NA NA
396 1.60651394856602 NA NA
397 1.60572525499046 NA NA
398 1.6049433892976 NA NA
399 1.6041682636114 NA NA
400 1.60339979146137 NA NA
401 1.60263788775586 NA NA
402 1.60188246875655 NA NA
403 1.60113345205324 NA NA
404 1.60039075653907 NA NA
405 1.59965430238646 NA NA
406 1.59892401102384 NA NA
407 1.59819980511169 NA NA
408 1.59748160852077 NA NA
409 1.59676934630941 NA NA
410 1.59606294470207 NA NA
411 1.59536233106799 NA NA
412 1.59466743390023 NA NA
413 1.59397818279563 NA NA
414 1.59329450843469 NA NA
415 1.59261634256171 NA NA
416 1.59194361796631 NA NA
417 1.59127626846395 NA NA
418 1.59061422887823 NA NA
419 1.58995743502222 NA NA
420 1.58930582368139 NA NA
421 1.58865933259616 NA NA
422 1.58801790044477 NA NA
423 1.58738146682707 NA NA
424 1.58674997224796 NA NA
425 1.58612335810155 NA NA
426 1.58550156665561 NA NA
427 1.58488454103643 NA NA
428 1.58427222521348 NA NA
429 1.58366456398496 NA NA
430 1.5830615029634 NA NA
431 1.58246298856142 NA NA
432 1.58186896797823 NA NA
433 1.58127938918547 NA NA
434 1.58069420091456 NA NA
435 1.58011335264338 NA NA
436 1.57953679458323 NA NA
437 1.57896447766692 NA NA
438 1.57839635353596 NA NA
439 1.57783237452873 NA NA
440 1.57727249366859 NA NA
441 1.57671666465246 NA NA
442 1.57616484183926 NA NA
443 1.57561698023879 NA NA
444 1.57507303550098 NA NA
445 1.57453296390506 NA NA
446 1.57399672234898 NA NA
447 1.57346426833917 NA NA
448 1.57293555998045 NA NA
449 1.57241055596604 NA NA
450 1.57188921556796 NA NA
451 1.57137149862708 NA NA
452 1.57085736554431 NA NA
453 1.57034677727116 NA NA
454 1.56983969530041 NA NA
455 1.56933608165774 NA NA
456 1.56883589889286 NA NA
457 1.56833911007075 NA NA
458 1.56784567876357 NA NA
459 1.56735556904247 NA NA
460 1.56686874546931 NA NA
461 1.56638517308889 NA NA
462 1.56590481742116 NA NA
463 1.56542764445354 NA NA
464 1.56495362063339 NA NA
465 1.56448271286086 NA NA
466 1.56401488848161 NA NA
467 1.56355011527953 NA NA
468 1.56308836147005 NA NA
469 1.56262959569307 NA NA
470 1.56217378700637 NA NA
471 1.56172090487919 NA NA
472 1.56127091918537 NA NA
473 1.56082380019737 NA NA
474 1.56037951857992 NA NA
475 1.55993804538373 NA NA
476 1.55949935203975 NA NA
477 1.55906341035297 NA NA
478 1.55863019249693 NA NA
479 1.55819967100782 NA NA
480 1.55777181877871 NA NA
481 1.55734660905454 NA NA
482 1.55692401542627 NA NA
483 1.55650401182581 NA NA
484 1.55608657252057 NA NA
485 1.55567167210864 NA NA
486 1.5552592855137 NA NA
487 1.55484938797961 NA NA
488 1.55444195506624 NA NA
489 1.55403696264429 NA NA
490 1.55363438689059 NA NA
491 1.55323420428356 NA NA
492 1.55283639159888 NA NA
493 1.55244092590454 NA NA
494 1.55204778455706 NA NA
495 1.55165694519653 NA NA
496 1.55126838574309 NA NA
497 1.55088208439214 NA NA
498 1.55049801961058 NA NA
499 1.55011617013291 NA NA
500 1.54973651495692 NA NA
501 1.54935903333996 NA NA
502 1.54898370479529 NA NA
503 1.54861050908798 NA NA
504 1.54823942623173 NA NA
505 1.54787043648466 NA NA
506 1.54750352034609 NA NA
507 1.54713865855295 NA NA
508 1.54677583207646 NA NA
509 1.54641502211838 NA NA
510 1.5460562101081 NA NA
511 1.54569937769917 NA NA
512 1.54534450676586 NA NA
513 1.54499157940035 NA NA
514 1.54464057790944 NA NA
515 1.54429148481147 NA NA
516 1.54394428283335 NA NA
517 1.54359895490752 NA NA
518 1.54325548416894 NA NA
519 1.54291385395265 NA NA
520 1.54257404779043 NA NA
521 1.54223604940812 NA NA
522 1.54189984272323 NA NA
523 1.54156541184185 NA NA
524 1.54123274105618 NA NA
525 1.54090181484188 NA NA
526 1.54057261785555 NA NA
527 1.54024513493218 NA NA
528 1.53991935108263 NA NA
529 1.53959525149128 NA NA
530 1.53927282151347 NA NA
531 1.53895204667326 NA NA
532 1.5386329126612 NA NA
533 1.53831540533169 NA NA
534 1.53799951070119 NA NA
535 1.53768521494546 NA NA
536 1.53737250439783 NA NA
537 1.53706136554702 NA NA
538 1.53675178503458 NA NA
539 1.53644374965342 NA NA
540 1.53613724634522 NA NA
541 1.53583226219878 NA NA
542 1.53552878444778 NA NA
543 1.53522680046919 NA NA
544 1.5349262977808 NA NA
545 1.53462726403967 NA NA
546 1.53432968704042 NA NA
547 1.5340335547129 NA NA
548 1.5337388551209 NA NA
549 1.53344557646 NA NA
550 1.53315370705587 NA NA
551 1.53286323536284 NA NA
552 1.53257414996165 NA NA
553 1.53228643955849 NA NA
554 1.53200009298261 NA NA
555 1.53171509918526 NA NA
556 1.53143144723771 NA NA
557 1.53114912632988 NA NA
558 1.53086812576885 NA NA
559 1.53058843497697 NA NA
560 1.53031004349097 NA NA
561 1.53003294095975 NA NA
562 1.52975711714349 NA NA
563 1.52948256191188 NA NA
564 1.52920926524289 NA NA
565 1.52893721722138 NA NA
566 1.52866640803736 NA NA
567 1.52839682798516 NA NA
568 1.52812846746192 NA NA
569 1.52786131696592 NA NA
570 1.52759536709582 NA NA
571 1.52733060854911 NA NA
572 1.52706703212065 NA NA
573 1.52680462870191 NA NA
574 1.52654338927944 NA NA
575 1.52628330493357 NA NA
576 1.52602436683748 NA NA
577 1.52576656625599 NA NA
578 1.52550989454419 NA NA
579 1.52525434314652 NA NA
580 1.52499990359571 NA NA
581 1.52474656751126 NA NA
582 1.52449432659887 NA NA
583 1.52424317264917 NA NA
584 1.5239930975364 NA NA
585 1.52374409321788 NA NA
586 1.52349615173254 NA NA
587 1.52324926520003 NA NA
588 1.52300342582003 NA NA
589 1.52275862587075 NA NA
590 1.52251485770824 NA NA
591 1.52227211376562 NA NA
592 1.52203038655172 NA NA
593 1.52178966865046 NA NA
594 1.5215499527198 NA NA
595 1.52131123149091 NA NA
596 1.52107349776727 NA NA
597 1.52083674442371 NA NA
598 1.52060096440566 NA NA
599 1.52036615072825 NA NA
600 1.52013229647546 NA NA
601 1.51989939479917 NA NA
602 1.51966743891862 NA NA
603 1.5194364221195 NA NA
604 1.51920633775292 NA NA
605 1.51897717923487 NA NA
606 1.51874894004564 NA NA
607 1.51852161372837 NA NA
608 1.5182951938891 NA NA
609 1.51806967419552 NA NA
610 1.51784504837641 NA NA
611 1.51762131022084 NA NA
612 1.5173984535776 NA NA
613 1.51717647235442 NA NA
614 1.51695536051715 NA NA
615 1.51673511208924 NA NA
616 1.51651572115116 NA NA
617 1.51629718183935 NA NA
618 1.51607948834607 NA NA
619 1.51586263491841 NA NA
620 1.5156466158576 NA NA
621 1.51543142551868 NA NA
622 1.51521705830971 NA NA
623 1.51500350869112 NA NA
624 1.51479077117514 NA NA
625 1.51457884032521 NA NA
626 1.51436771075551 NA NA
627 1.51415737713018 NA NA
628 1.51394783416285 NA NA
629 1.51373907661606 NA NA
630 1.51353109930069 NA NA
631 1.51332389707551 NA NA
632 1.51311746484647 NA NA
633 1.5129117975662 NA NA
634 1.51270689023363 NA NA
635 1.51250273789345 NA NA
636 1.51229933563524 NA NA
637 1.51209667859341 NA NA
638 1.51189476194659 NA NA
639 1.51169358091685 NA NA
640 1.51149313076971 NA NA
641 1.51129340681322 NA NA
642 1.51109440439748 NA NA
643 1.51089611891468 NA NA
644 1.51069854579814 NA NA
645 1.51050168052178 NA NA
646 1.51030551860025 NA NA
647 1.51011005558795 NA NA
648 1.50991528707865 NA NA
649 1.50972120870549 NA NA
650 1.5095278161399 NA NA
651 1.50933510509171 NA NA
652 1.50914307130841 NA NA
653 1.50895171057491 NA NA
654 1.50876101871321 NA NA
655 1.5085709915816 NA NA
656 1.50838162507475 NA NA
657 1.50819291512304 NA NA
658 1.50800485769208 NA NA
659 1.50781744878281 NA NA
660 1.50763068443043 NA NA
661 1.50744456070473 NA NA
662 1.50725907370905 NA NA
663 1.50707421958041 NA NA
664 1.50688999448916 NA NA
665 1.5067063946381 NA NA
666 1.50652341626279 NA NA
667 1.50634105563063 NA NA
668 1.5061593090411 NA NA
669 1.50597817282495 NA NA
670 1.50579764334391 NA NA
671 1.50561771699065 NA NA
672 1.50543839018831 NA NA
673 1.50525965938993 NA NA
674 1.50508152107865 NA NA
675 1.50490397176691 NA NA
676 1.50472700799644 NA NA
677 1.50455062633774 NA NA
678 1.50437482338991 NA NA
679 1.50419959578053 NA NA
680 1.50402494016496 NA NA
681 1.50385085322624 NA NA
682 1.50367733167504 NA NA
683 1.50350437224886 NA NA
684 1.50333197171231 NA NA
685 1.50316012685641 NA NA
686 1.50298883449849 NA NA
687 1.50281809148211 NA NA
688 1.50264789467628 NA NA
689 1.50247824097567 NA NA
690 1.50230912730021 NA NA
691 1.5021405505948 NA NA
692 1.50197250782901 NA NA
693 1.50180499599686 NA NA
694 1.50163801211674 NA NA
695 1.50147155323087 NA NA
696 1.5013056164053 NA NA
697 1.50114019872947 NA NA
698 1.50097529731627 NA NA
699 1.5008109093014 NA NA
700 1.50064703184354 NA NA
701 1.50048366212387 NA NA
702 1.5003207973458 NA NA
703 1.50015843473507 NA NA
704 1.4999965715392 NA NA
705 1.4998352050274 NA NA
706 1.4996743324903 NA NA
707 1.49951395123992 NA NA
708 1.49935405860921 NA NA
709 1.49919465195203 NA NA
710 1.4990357286428 NA NA
711 1.49887728607631 NA NA
712 1.49871932166777 NA NA
713 1.49856183285231 NA NA
714 1.49840481708495 NA NA
715 1.49824827184008 NA NA
716 1.49809219461202 NA NA
717 1.49793658291393 NA NA
718 1.49778143427818 NA NA
719 1.49762674625608 NA NA
720 1.49747251641759 NA NA
721 1.49731874235126 NA NA
722 1.49716542166383 NA NA
723 1.4970125519804 NA NA
724 1.4968601309439 NA NA
725 1.4967081562151 NA NA
726 1.49655662547256 NA NA
727 1.49640553641215 NA NA
728 1.49625488674719 NA NA
729 1.49610467420808 NA NA
730 1.49595489654211 NA NA
731 1.49580555151354 NA NA
732 1.49565663690325 NA NA
733 1.49550815050863 NA NA
734 1.49536009014341 NA NA
735 1.49521245363742 NA NA
736 1.49506523883674 NA NA
737 1.49491844360316 NA NA
738 1.49477206581431 NA NA
739 1.49462610336338 NA NA
740 1.49448055415897 NA NA
741 1.49433541612511 NA NA
742 1.49419068720076 NA NA
743 1.49404636534021 NA NA
744 1.49390244851245 NA NA
745 1.49375893470114 NA NA
746 1.49361582190467 NA NA
747 1.49347310813601 NA NA
748 1.49333079142212 NA NA
749 1.49318886980456 NA NA
750 1.49304734133871 NA NA
751 1.49290620409398 NA NA
752 1.49276545615355 NA NA
753 1.49262509561444 NA NA
754 1.49248512058704 NA NA
755 1.49234552919536 NA NA
756 1.49220631957653 NA NA
757 1.49206748988113 NA NA
758 1.49192903827254 NA NA
759 1.49179096292744 NA NA
760 1.49165326203499 NA NA
761 1.49151593379741 NA NA
762 1.49137897642922 NA NA
763 1.49124238815778 NA NA
764 1.49110616722249 NA NA
765 1.49097031187539 NA NA
766 1.49083482038027 NA NA
767 1.49069969101342 NA NA
768 1.49056492206275 NA NA
769 1.4904305118282 NA NA
770 1.49029645862139 NA NA
771 1.49016276076547 NA NA
772 1.49002941659535 NA NA
773 1.48989642445724 NA NA
774 1.48976378270859 NA NA
775 1.48963148971828 NA NA
776 1.48949954386616 NA NA
777 1.48936794354328 NA NA
778 1.48923668715135 NA NA
779 1.48910577310324 NA NA
780 1.48897519982237 NA NA
781 1.4888449657429 NA NA
782 1.48871506930951 NA NA
783 1.48858550897734 NA NA
784 1.48845628321189 NA NA
785 1.48832739048909 NA NA
786 1.48819882929485 NA NA
787 1.48807059812534 NA NA
788 1.48794269548681 NA NA
789 1.48781511989519 NA NA
790 1.48768786987655 NA NA
791 1.48756094396662 NA NA
792 1.48743434071075 NA NA
793 1.48730805866394 NA NA
794 1.48718209639074 NA NA
795 1.48705645246506 NA NA
796 1.48693112547031 NA NA
797 1.48680611399905 NA NA
798 1.48668141665304 NA NA
799 1.48655703204328 NA NA
800 1.48643295878972 NA NA
801 1.48629112518077 NA NA
802 1.48614955275113 NA NA
803 1.48600823964504 NA NA
804 1.4858671840177 NA NA
805 1.48572638403556 NA NA
806 1.48558583787609 NA NA
807 1.48544554372758 NA NA
808 1.48530549978947 NA NA
809 1.48516570427168 NA NA
810 1.485026155395 NA NA
811 1.48488685139084 NA NA
812 1.48474779050098 NA NA
813 1.48460897097792 NA NA
814 1.48447039108417 NA NA
815 1.4843320490928 NA NA
816 1.48419394328701 NA NA
817 1.4840560719601 NA NA
818 1.48391843341537 NA NA
819 1.48378102596618 NA NA
820 1.48364384793574 NA NA
821 1.48350689765694 NA NA
822 1.48337017347272 NA NA
823 1.48323367373526 NA NA
824 1.48309739680677 NA NA
825 1.48296134105854 NA NA
826 1.48282550487166 NA NA
827 1.48268988663629 NA NA
828 1.48255448475214 NA NA
829 1.48241929762793 NA NA
830 1.48228432368169 NA NA
831 1.48214956134036 NA NA
832 1.48201500903997 NA NA
833 1.48188066522561 NA NA
834 1.48174652835099 NA NA
835 1.48161259687885 NA NA
836 1.48147886928058 NA NA
837 1.48134534403614 NA NA
838 1.48121201963416 NA NA
839 1.48107889457195 NA NA
840 1.4809459673551 NA NA
841 1.48081323649764 NA NA
842 1.48068070052203 NA NA
843 1.48054835795892 NA NA
844 1.48041620734717 NA NA
845 1.4802842472339 NA NA
846 1.48015247617421 NA NA
847 1.48002089273128 NA NA
848 1.47988949547627 NA NA
849 1.47975828298815 NA NA
850 1.47962725385389 NA NA
851 1.47949640666813 NA NA
852 1.47936574003328 NA NA
853 1.47923525255948 NA NA
854 1.47910494286442 NA NA
855 1.47897480957336 NA NA
856 1.47884485131903 NA NA
857 1.4787150667417 NA NA
858 1.4785854544889 NA NA
859 1.47845601321555 NA NA
860 1.47832674158395 NA NA
861 1.47819763826343 NA NA
862 1.47806870193061 NA NA
863 1.4779399312692 NA NA
864 1.47781132497007 NA NA
865 1.4776828817309 NA NA
866 1.47755460025656 NA NA
867 1.47742647925852 NA NA
868 1.47729851745545 NA NA
869 1.47717071357266 NA NA
870 1.47704306634211 NA NA
871 1.47691557450262 NA NA
872 1.4767882367996 NA NA
873 1.47666105198519 NA NA
874 1.47653401881778 NA NA
875 1.47640713606264 NA NA
876 1.47628040249126 NA NA
877 1.47615381688156 NA NA
878 1.4760273780179 NA NA
879 1.47590108469091 NA NA
880 1.47577493569753 NA NA
881 1.47564892984086 NA NA
882 1.47552306593023 NA NA
883 1.47539734278115 NA NA
884 1.47527175921503 NA NA
885 1.47514631405963 NA NA
886 1.47502100614834 NA NA
887 1.47489583432085 NA NA
888 1.47477079742255 NA NA
889 1.47464589430474 NA NA
890 1.47452112382458 NA NA
891 1.47439648484502 NA NA
892 1.47427197623469 NA NA
893 1.47414759686791 NA NA
894 1.4740233456248 NA NA
895 1.47389922139099 NA NA
896 1.47377522305765 NA NA
897 1.47365134952151 NA NA
898 1.47352759968489 NA NA
899 1.47340397245547 NA NA
900 1.4732804667463 NA NA
901 1.47315708147588 NA NA
902 1.47303381556812 NA NA
903 1.47291066795202 NA NA
904 1.47278763756215 NA NA
905 1.4726647233379 NA NA
906 1.47254192422418 NA NA
907 1.47241923917094 NA NA
908 1.47229666713311 NA NA
909 1.47217420707097 NA NA
910 1.47205185794951 NA NA
911 1.47192961873906 NA NA
912 1.47180748841454 NA NA
913 1.47168546595618 NA NA
914 1.47156355034876 NA NA
915 1.47144174058214 NA NA
916 1.47132003565103 NA NA
917 1.47119843455465 NA NA
918 1.47107693629726 NA NA
919 1.47095553988776 NA NA
920 1.47083424433961 NA NA
921 1.47071304867112 NA NA
922 1.47059195190511 NA NA
923 1.47047095306894 NA NA
924 1.47035005119466 NA NA
925 1.47022924531866 NA NA
926 1.47010853448192 NA NA
927 1.46998791772995 NA NA
928 1.46986739411261 NA NA
929 1.46974696268404 NA NA
930 1.46962662250295 NA NA
931 1.46950637263223 NA NA
932 1.46938621213912 NA NA
933 1.46926614009513 NA NA
934 1.46914615557593 NA NA
935 1.46902625766163 NA NA
936 1.46890644543616 NA NA
937 1.46878671798795 NA NA
938 1.46866707440936 NA NA
939 1.46854751379678 NA NA
940 1.4684280352509 NA NA
941 1.46830863787613 NA NA
942 1.46818932078111 NA NA
943 1.46807008307845 NA NA
944 1.46795092388463 NA NA
945 1.46783184231997 NA NA
946 1.46771283750883 NA NA
947 1.46759390857939 NA NA
948 1.46747505466365 NA NA
949 1.46735627489731 NA NA
950 1.46723756842017 NA NA
951 1.46711893437533 NA NA
952 1.46700037191013 NA NA
953 1.46688188017506 NA NA
954 1.46676345832477 NA NA
955 1.46664510551731 NA NA
956 1.46652682091431 NA NA
957 1.46640860368121 NA NA
958 1.4662904529868 NA NA
959 1.4661723680036 NA NA
960 1.46605434790753 NA NA
961 1.46593639187803 NA NA
962 1.46581849909804 NA NA
963 1.46570066875389 NA NA
964 1.46558290003551 NA NA
965 1.46546519213592 NA NA
966 1.46534754425189 NA NA
967 1.46522995558318 NA NA
968 1.46511242533309 NA NA
969 1.46499495270829 NA NA
970 1.46487753691844 NA NA
971 1.46476017717674 NA NA
972 1.4646428726995 NA NA
973 1.46452562270631 NA NA
974 1.46440842641976 NA NA
975 1.46429128306593 NA NA
976 1.46417419187379 NA NA
977 1.46405715207547 NA NA
978 1.46394016290628 NA NA
979 1.46382322360458 NA NA
980 1.46370633341179 NA NA
981 1.46358949157222 NA NA
982 1.4634726973335 NA NA
983 1.463355949946 NA NA
984 1.46323924866308 NA NA
985 1.4631225927412 NA NA
986 1.46300598143963 NA NA
987 1.46288941402056 NA NA
988 1.46277288974905 NA NA
989 1.46265640789319 NA NA
990 1.46253996772368 NA NA
991 1.46242356851427 NA NA
992 1.46230720954131 NA NA
993 1.4621908900841 NA NA
994 1.46207460942457 NA NA
995 1.46195836684752 NA NA
996 1.46184216164052 NA NA
997 1.46172599309362 NA NA
998 1.46160986049989 NA NA
999 1.46149376315471 NA NA
1000 1.46137770035639 NA NA
1001 1.46126167140574 NA NA
1002 1.46114567560625 NA NA
1003 1.46102971226396 NA NA
1004 1.46091378068755 NA NA
1005 1.46079788018823 NA NA
1006 1.4606820100797 NA NA
1007 1.46056616967827 NA NA
1008 1.46045035830273 NA NA
1009 1.46033457527432 NA NA
1010 1.46021881991678 NA NA
1011 1.46010309155622 NA NA
1012 1.45998738952145 NA NA
1013 1.45987171314345 NA NA
1014 1.45975606175558 NA NA
1015 1.45964043469375 NA NA
1016 1.45952483129626 NA NA
1017 1.4594092509035 NA NA
1018 1.45929369285845 NA NA
1019 1.45917815650636 NA NA
1020 1.45906264119461 NA NA
1021 1.45894714627314 NA NA
1022 1.45883167109396 NA NA
1023 1.45871621501132 NA NA
1024 1.45860077738193 NA NA
1025 1.4584853575645 NA NA
1026 1.45836995491996 NA NA
1027 1.4582545688115 NA NA
1028 1.45813919860452 NA NA
1029 1.4580238436665 NA NA
1030 1.45790850336708 NA NA
1031 1.45779317707805 NA NA
1032 1.45767786417327 NA NA
1033 1.45756256402876 NA NA
1034 1.45744727602261 NA NA
1035 1.45733199953483 NA NA
1036 1.45721673394768 NA NA
1037 1.45710147864546 NA NA
1038 1.45698623301433 NA NA
1039 1.45687099644254 NA NA
1040 1.45675576832037 NA NA
1041 1.45664054803999 NA NA
1042 1.45652533499569 NA NA
1043 1.45641012858353 NA NA
1044 1.45629492820166 NA NA
1045 1.45617973325003 NA NA
1046 1.45606454313056 NA NA
1047 1.45594935724704 NA NA
1048 1.45583417500521 NA NA
1049 1.45571899581256 NA NA
1050 1.45560381907857 NA NA
1051 1.4554886442144 NA NA
1052 1.45537347063323 NA NA
1053 1.45525829774998 NA NA
1054 1.45514312498117 NA NA
1055 1.45502795174541 NA NA
1056 1.4549127774629 NA NA
1057 1.45479760155562 NA NA
1058 1.45468242344745 NA NA
1059 1.45456724256386 NA NA
1060 1.45445205833197 NA NA
1061 1.45433687018085 NA NA
1062 1.45422167754104 NA NA
1063 1.45410647984483 NA NA
1064 1.45399127652621 NA NA
1065 1.45387606702099 NA NA
1066 1.45376085076627 NA NA
1067 1.45364562720101 NA NA
1068 1.4535303957659 NA NA
1069 1.45341515590295 NA NA
1070 1.45329990705599 NA NA
1071 1.45318464867038 NA NA
1072 1.45306938019301 NA NA
1073 1.45295410107236 NA NA
1074 1.45283881075862 NA NA
1075 1.45272350870323 NA NA
1076 1.45260819435927 NA NA
1077 1.45249286718149 NA NA
1078 1.452377526626 NA NA
1079 1.45226217215036 NA NA
1080 1.45214680321375 NA NA
1081 1.45203141927678 NA NA
1082 1.45191601980143 NA NA
1083 1.45180060425121 NA NA
1084 1.45168517209107 NA NA
1085 1.45156972278734 NA NA
1086 1.45145425580788 NA NA
1087 1.45133877062182 NA NA
1088 1.45122326669982 NA NA
1089 1.45110774351369 NA NA
1090 1.45099220053691 NA NA
1091 1.4508766372441 NA NA
1092 1.45076105311132 NA NA
1093 1.45064544761607 NA NA
1094 1.45052982023693 NA NA
1095 1.45041417045406 NA NA
1096 1.45029849774886 NA NA
1097 1.45018280160382 NA NA
1098 1.45006708150308 NA NA
1099 1.44995133693173 NA NA
1100 1.4498355673764 NA NA
1101 1.44971977232476 NA NA
1102 1.44960395126587 NA NA
1103 1.44948810368998 NA NA
1104 1.44937222908857 NA NA
1105 1.4492563269544 NA NA
1106 1.4491403967813 NA NA
1107 1.44902443806445 NA NA
1108 1.4489084503001 NA NA
1109 1.44879243298587 NA NA
1110 1.44867638562034 NA NA
1111 1.44856030770333 NA NA
1112 1.44844419873586 NA NA
1113 1.44832805822007 NA NA
1114 1.44821188565919 NA NA
1115 1.44809568055762 NA NA
1116 1.44797944242093 NA NA
1117 1.44786317075566 NA NA
1118 1.44774686506956 NA NA
1119 1.4476305248715 NA NA
1120 1.4475141496712 NA NA
1121 1.44739773897973 NA NA
1122 1.44728129230915 NA NA
1123 1.4471648091724 NA NA
1124 1.44704828908367 NA NA
1125 1.44693173155817 NA NA
1126 1.44681513611203 NA NA
1127 1.44669850226243 NA NA
1128 1.44658182952753 NA NA
1129 1.44646511742671 NA NA
1130 1.44634836548002 NA NA
1131 1.44623157320869 NA NA
1132 1.44611474013497 NA NA
1133 1.44599786578184 NA NA
1134 1.44588094967349 NA NA
1135 1.44576399133501 NA NA
1136 1.44564699029224 NA NA
1137 1.44552994607223 NA NA
1138 1.44541285820277 NA NA
1139 1.44529572621257 NA NA
1140 1.44517854963139 NA NA
1141 1.44506132798979 NA NA
1142 1.44494406081926 NA NA
1143 1.44482674765203 NA NA
1144 1.44470938802145 NA NA
1145 1.44459198146164 NA NA
1146 1.44447452750744 NA NA
1147 1.44435702569477 NA NA
1148 1.44423947556028 NA NA
1149 1.44412187664146 NA NA
1150 1.4440042284766 NA NA
1151 1.44388653060491 NA NA
1152 1.44376878256634 NA NA
1153 1.44365098390167 NA NA
1154 1.44353313415257 NA NA
1155 1.44341523286124 NA NA
1156 1.44329727957092 NA NA
1157 1.44317927382561 NA NA
1158 1.44306121516989 NA NA
1159 1.4429431031494 NA NA
1160 1.44282493731015 NA NA
1161 1.44270671719926 NA NA
1162 1.44258844236447 NA NA
1163 1.44247011235409 NA NA
1164 1.44235172671734 NA NA
1165 1.44223328500419 NA NA
1166 1.44211478676519 NA NA
1167 1.44199623155166 NA NA
1168 1.44187761891563 NA NA
1169 1.44175894840976 NA NA
1170 1.44164021958742 NA NA
1171 1.44152143200269 NA NA
1172 1.44140258521029 NA NA
1173 1.44128367876569 NA NA
1174 1.44116471222481 NA NA
1175 1.44104568514446 NA NA
1176 1.44092659708196 NA NA
1177 1.44080744759517 NA NA
1178 1.44068823624282 NA NA
1179 1.44056896258418 NA NA
1180 1.44044962617894 NA NA
1181 1.44033022658761 NA NA
1182 1.44021076337125 NA NA
1183 1.44009123609156 NA NA
1184 1.43997164431074 NA NA
1185 1.43985198759155 NA NA
1186 1.43973226549746 NA NA
1187 1.43961247759247 NA NA
1188 1.43949262344093 NA NA
1189 1.43937270260812 NA NA
1190 1.43925271465957 NA NA
1191 1.43913265916149 NA NA
1192 1.43901253568062 NA NA
1193 1.43889234378412 NA NA
1194 1.43877208303974 NA NA
1195 1.43865175301593 NA NA
1196 1.43853135328139 NA NA
1197 1.43841088340535 NA NA
1198 1.43829034295771 NA NA
1199 1.4381697315088 NA NA
1200 1.43804904862925 NA NA
1201 1.43792829389051 NA NA
1202 1.43780746686422 NA NA
1203 1.43768656712256 NA NA
1204 1.4375655942382 NA NA
1205 1.43744454778435 NA NA
1206 1.43732342733458 NA NA
1207 1.43720223246279 NA NA
1208 1.4370809627436 NA NA
1209 1.43695961775171 NA NA
1210 1.43683819706269 NA NA
1211 1.43671670025205 NA NA
1212 1.43659512689607 NA NA
1213 1.43647347657123 NA NA
1214 1.4363517488546 NA NA
1215 1.43622994332355 NA NA
1216 1.43610805955571 NA NA
1217 1.43598609712932 NA NA
1218 1.43586405562283 NA NA
1219 1.43574193461521 NA NA
1220 1.43561973368569 NA NA
1221 1.43549745241389 NA NA
1222 1.43537509037986 NA NA
1223 1.43525264716386 NA NA
1224 1.43513012234658 NA NA
1225 1.43500751550901 NA NA
1226 1.43488482623265 NA NA
1227 1.43476205409905 NA NA
1228 1.4346391986903 NA NA
1229 1.43451625958866 NA NA
1230 1.43439323637679 NA NA
1231 1.43427012863769 NA NA
1232 1.43414693595458 NA NA
1233 1.43402365791103 NA NA
1234 1.43390029409085 NA NA
1235 1.4337768440781 NA NA
1236 1.4336533074573 NA NA
1237 1.43352968381303 NA NA
1238 1.43340597273037 NA NA
1239 1.43328217379439 NA NA
1240 1.43315828659061 NA NA
1241 1.43303431070474 NA NA
1242 1.43291024572278 NA NA
1243 1.43278609123096 NA NA
1244 1.4326618468157 NA NA
1245 1.43253751206372 NA NA
1246 1.43241308656186 NA NA
1247 1.43228856989726 NA NA
1248 1.43216396165735 NA NA
1249 1.43203926142966 NA NA
1250 1.43191446880191 NA NA
1251 1.43178958336206 NA NA
1252 1.43166460469837 NA NA
1253 1.43153953239911 NA NA
1254 1.43141436605287 NA NA
1255 1.43128910524833 NA NA
1256 1.43116374957444 NA NA
1257 1.43103829862021 NA NA
1258 1.43091275197487 NA NA
1259 1.43078710922794 NA NA
1260 1.43066136996882 NA NA
1261 1.43053553378724 NA NA
1262 1.43040960027311 NA NA
1263 1.43028356901639 NA NA
1264 1.43015743960722 NA NA
1265 1.43003121163582 NA NA
1266 1.42990488469252 NA NA
1267 1.42977845836797 NA NA
1268 1.42965193225261 NA NA
1269 1.4295253059373 NA NA
1270 1.42939857901281 NA NA
1271 1.42927175107013 NA NA
1272 1.4291448217003 NA NA
1273 1.42901779049434 NA NA
1274 1.4288906570435 NA NA
1275 1.42876342093914 NA NA
1276 1.42863608177257 NA NA
1277 1.42850863913533 NA NA
1278 1.42838109261877 NA NA
1279 1.42825344181456 NA NA
1280 1.42812568631432 NA NA
1281 1.42799782570977 NA NA
1282 1.42786985959264 NA NA
1283 1.42774178755463 NA NA
1284 1.42761360918757 NA NA
1285 1.42748532408345 NA NA
1286 1.427356931834 NA NA
1287 1.42722843203124 NA NA
1288 1.42709982426695 NA NA
1289 1.42697110813327 NA NA
1290 1.42684228322203 NA NA
1291 1.42671334912519 NA NA
1292 1.42658430543477 NA NA
1293 1.42645515174271 NA NA
1294 1.42632588764099 NA NA
1295 1.42619651272153 NA NA
1296 1.42606702657628 NA NA
1297 1.42593742879712 NA NA
1298 1.42580771897597 NA NA
1299 1.42567789670463 NA NA
1300 1.42554796157498 NA NA
1301 1.4254179131787 NA NA
1302 1.42528775110766 NA NA
1303 1.42515747495342 NA NA
1304 1.42502708430776 NA NA
1305 1.42489657876214 NA NA
1306 1.42476595790808 NA NA
1307 1.42463522133708 NA NA
1308 1.42450436864057 NA NA
1309 1.42437339940971 NA NA
1310 1.4242423132359 NA NA
1311 1.42411110971014 NA NA
1312 1.42397978842348 NA NA
1313 1.42384834896699 NA NA
1314 1.42371679093154 NA NA
1315 1.42358511390777 NA NA
1316 1.42345331748639 NA NA
1317 1.42332140125803 NA NA
1318 1.42318936481298 NA NA
1319 1.42305720774169 NA NA
1320 1.42292492963421 NA NA
1321 1.42279253008072 NA NA
1322 1.42266000867112 NA NA
1323 1.42252736499517 NA NA
1324 1.42239459864259 NA NA
1325 1.42226170920276 NA NA
1326 1.42212869626513 NA NA
1327 1.42199555941891 NA NA
1328 1.42186229825308 NA NA
1329 1.42172891235659 NA NA
1330 1.4215954013181 NA NA
1331 1.42146176472617 NA NA
1332 1.42132800216919 NA NA
1333 1.42119411323533 NA NA
1334 1.42106009751251 NA NA
1335 1.42092595458871 NA NA
1336 1.42079168405147 NA NA
1337 1.42065728548815 NA NA
1338 1.42052275848609 NA NA
1339 1.42038810263218 NA NA
1340 1.42025331751332 NA NA
1341 1.42011840271605 NA NA
1342 1.41998335782678 NA NA
1343 1.4198481824317 NA NA
1344 1.41971287611657 NA NA
1345 1.41957743846731 NA NA
1346 1.41944186906917 NA NA
1347 1.41930616750751 NA NA
1348 1.41917033336718 NA NA
1349 1.419034366233 NA NA
1350 1.41889826568942 NA NA
1351 1.41876203132064 NA NA
1352 1.41862566271063 NA NA
1353 1.41848915944305 NA NA
1354 1.41835252110134 NA NA
1355 1.4182157472686 NA NA
1356 1.41807883752779 NA NA
1357 1.41794179146142 NA NA
1358 1.4178046086518 NA NA
1359 1.41766728868091 NA NA
1360 1.41752983113053 NA NA
1361 1.41739223558207 NA NA
1362 1.41725450161662 NA NA
1363 1.41711662881492 NA NA
1364 1.41697861675758 NA NA
1365 1.41684046502463 NA NA
1366 1.41670217319609 NA NA
1367 1.41656374085137 NA NA
1368 1.41642516756978 NA NA
1369 1.41628645293003 NA NA
1370 1.41614759651086 NA NA
1371 1.41600859789026 NA NA
1372 1.41586945664626 NA NA
1373 1.4157301723562 NA NA
1374 1.41559074459732 NA NA
1375 1.41545117294642 NA NA
1376 1.41531145697984 NA NA
1377 1.41517159627369 NA NA
1378 1.41503159040369 NA NA
1379 1.41489143894517 NA NA
1380 1.41475114147296 NA NA
1381 1.41461069756171 NA NA
1382 1.41447010678554 NA NA
1383 1.41432936871827 NA NA
1384 1.41418848293326 NA NA
1385 1.4140474490035 NA NA
1386 1.4139062665015 NA NA
1387 1.41376493499958 NA NA
1388 1.41362345406933 NA NA
1389 1.41348182328223 NA NA
1390 1.41334004220913 NA NA
1391 1.41319811042051 NA NA
1392 1.41305602748654 NA NA
1393 1.41291379297671 NA NA
1394 1.41277140646037 NA NA
1395 1.41262886750617 NA NA
1396 1.41248617568248 NA NA
1397 1.4123433305572 NA NA
1398 1.41220033169762 NA NA
1399 1.41205717867083 NA NA
1400 1.41191387104321 NA NA
1401 1.41177040838086 NA NA
1402 1.41162679024927 NA NA
1403 1.41148301621363 NA NA
1404 1.41133908583838 NA NA
1405 1.41119499868779 NA NA
1406 1.41105075432541 NA NA
1407 1.41090635231446 NA NA
1408 1.4107617922175 NA NA
1409 1.4106170735967 NA NA
1410 1.41047219601366 NA NA
1411 1.41032715902964 NA NA
1412 1.41018196220509 NA NA
1413 1.41003660510026 NA NA
1414 1.40989108727468 NA NA
1415 1.40974540828747 NA NA
1416 1.40959956769705 NA NA
1417 1.40945356506148 NA NA
1418 1.40930739993821 NA NA
1419 1.4091610718841 NA NA
1420 1.40901458045563 NA NA
1421 1.40886792520863 NA NA
1422 1.40872110569829 NA NA
1423 1.40857412147931 NA NA
1424 1.40842697210586 NA NA
1425 1.40827965713157 NA NA
1426 1.40813217610944 NA NA
1427 1.40798452859182 NA NA
1428 1.40783671413058 NA NA
1429 1.40768873227713 NA NA
1430 1.40754058258197 NA NA
1431 1.40739226459533 NA NA
1432 1.4072437778666 NA NA
1433 1.40709512194465 NA NA
1434 1.40694629637793 NA NA
1435 1.40679730071396 NA NA
1436 1.40664813449983 NA NA
1437 1.40649879728205 NA NA
1438 1.40634928860637 NA NA
1439 1.4061996080181 NA NA
1440 1.40604975506166 NA NA
1441 1.40589972928101 NA NA
1442 1.40574953021947 NA NA
1443 1.40559915741974 NA NA
1444 1.40544861042374 NA NA
1445 1.40529788877282 NA NA
1446 1.40514699200763 NA NA
1447 1.40499591966838 NA NA
1448 1.4048446712942 NA NA
1449 1.4046932464239 NA NA
1450 1.40454164459551 NA NA
1451 1.40438986534628 NA NA
1452 1.40423790821299 NA NA
1453 1.40408577273148 NA NA
1454 1.40393345843713 NA NA
1455 1.40378096486452 NA NA
1456 1.4036282915474 NA NA
1457 1.40347543801911 NA NA
1458 1.40332240381201 NA NA
1459 1.40316918845785 NA NA
1460 1.40301579148776 NA NA
1461 1.40286221243196 NA NA
1462 1.40270845082008 NA NA
1463 1.40255450618101 NA NA
1464 1.40240037804278 NA NA
1465 1.40224606593281 NA NA
1466 1.40209156937772 NA NA
1467 1.40193688790338 NA NA
1468 1.40178202103502 NA NA
1469 1.40162696829697 NA NA
1470 1.40147172921277 NA NA
1471 1.40131630330527 NA NA
1472 1.4011606900967 NA NA
1473 1.40100488910814 NA NA
1474 1.40084889986027 NA NA
1475 1.40069272187273 NA NA
1476 1.40053635466457 NA NA
1477 1.4003797977538 NA NA
1478 1.40022305065781 NA NA
1479 1.40006611289329 NA NA
1480 1.39990898397577 NA NA
1481 1.39975166342029 NA NA
1482 1.39959415074097 NA NA
1483 1.39943644545109 NA NA
1484 1.39927854706303 NA NA
1485 1.3991204550886 NA NA
1486 1.39896216903842 NA NA
1487 1.39880368842254 NA NA
1488 1.39864501275013 NA NA
1489 1.39848614152934 NA NA
1490 1.39832707426757 NA NA
1491 1.39816781047153 NA NA
1492 1.39800834964681 NA NA
1493 1.39784869129818 NA NA
1494 1.39768883492971 NA NA
1495 1.39752878004444 NA NA
1496 1.39736852614453 NA NA
1497 1.39720807273127 NA NA
1498 1.39704741930515 NA NA
1499 1.39688656536564 NA NA
1500 1.39672551041139 NA NA
1501 1.39656425394015 NA NA
1502 1.39640279544867 NA NA
1503 1.39624113443279 NA NA
1504 1.3960792703876 NA NA
1505 1.39591720280713 NA NA
1506 1.39575493118442 NA NA
1507 1.39559245501168 NA NA
1508 1.39542977378024 NA NA
1509 1.39526688698031 NA NA
1510 1.39510379410134 NA NA
1511 1.39494049463159 NA NA
1512 1.39477698805861 NA NA
1513 1.39461327386895 NA NA
1514 1.39444935154795 NA NA
1515 1.39428522058027 NA NA
1516 1.39412088044947 NA NA
1517 1.39395633063809 NA NA
1518 1.39379157062774 NA NA
1519 1.39362659989906 NA NA
1520 1.39346141793157 NA NA
1521 1.39329602420397 NA NA
1522 1.39313041819381 NA NA
1523 1.39296459937769 NA NA
1524 1.39279856723114 NA NA
1525 1.39263232122874 NA NA
1526 1.39246586084398 NA NA
1527 1.39229918554944 NA NA
1528 1.39213229481642 NA NA
1529 1.39196518811541 NA NA
1530 1.39179786491586 NA NA
1531 1.39163032468592 NA NA
1532 1.39146256689286 NA NA
1533 1.39129459100299 NA NA
1534 1.39112639648127 NA NA
1535 1.39095798279189 NA NA
1536 1.39078934939774 NA NA
1537 1.3906204957607 NA NA
1538 1.39045142134164 NA NA
1539 1.39028212560021 NA NA
1540 1.39011260799498 NA NA
1541 1.3899428679835 NA NA
1542 1.38977290502211 NA NA
1543 1.38960271856622 NA NA
1544 1.38943230806985 NA NA
1545 1.38926167298604 NA NA
1546 1.3890908127668 NA NA
1547 1.38891972686279 NA NA
1548 1.38874841472366 NA NA
1549 1.38857687579791 NA NA
1550 1.3884051095329 NA NA
1551 1.38823311537474 NA NA
1552 1.38806089276851 NA NA
1553 1.38788844115795 NA NA
1554 1.38771575998584 NA NA
1555 1.38754284869356 NA NA
1556 1.38736970672151 NA NA
1557 1.38719633350879 NA NA
1558 1.38702272849328 NA NA
1559 1.38684889111166 NA NA
1560 1.38667482079958 NA NA
1561 1.3865005169912 NA NA
1562 1.38632597911977 NA NA
1563 1.38615120661699 NA NA
1564 1.38597619891361 NA NA
1565 1.38580095543898 NA NA
1566 1.38562547562125 NA NA
1567 1.38544975888737 NA NA
1568 1.38527380466297 NA NA
1569 1.38509761237258 NA NA
1570 1.3849211814392 NA NA
1571 1.38474451128482 NA NA
1572 1.38456760132997 NA NA
1573 1.384390450994 NA NA
1574 1.38421305969507 NA NA
1575 1.38403542684976 NA NA
1576 1.3838575518736 NA NA
1577 1.38367943418079 NA NA
1578 1.38350107318409 NA NA
1579 1.38332246829516 NA NA
1580 1.38314361892417 NA NA
1581 1.38296452447992 NA NA
1582 1.38278518437004 NA NA
1583 1.38260559800076 NA NA
1584 1.38242576477701 NA NA
1585 1.38224568410217 NA NA
1586 1.38206535537859 NA NA
1587 1.38188477800698 NA NA
1588 1.38170395138676 NA NA
1589 1.38152287491616 NA NA
1590 1.38134154799167 NA NA
1591 1.38115997000883 NA NA
1592 1.38097814036129 NA NA
1593 1.38079605844182 NA NA
1594 1.38061372364145 NA NA
1595 1.38043113534981 NA NA
1596 1.38024829295533 NA NA
1597 1.38006519584479 NA NA
1598 1.37988184340362 NA NA
1599 1.37969823501594 NA NA
1600 1.37951437006421 NA NA
1601 1.3793443426767 NA NA
1602 1.37917432247335 NA NA
1603 1.37900430945468 NA NA
1604 1.37883430362111 NA NA
1605 1.37866430497333 NA NA
1606 1.37849431351176 NA NA
1607 1.37832432923685 NA NA
1608 1.37815435214925 NA NA
1609 1.37798438224941 NA NA
1610 1.37781441953784 NA NA
1611 1.37764446401497 NA NA
1612 1.37747451568148 NA NA
1613 1.3773045745378 NA NA
1614 1.37713464058437 NA NA
1615 1.37696471382185 NA NA
1616 1.37679479425068 NA NA
1617 1.37662488187138 NA NA
1618 1.37645497668439 NA NA
1619 1.37628507869036 NA NA
1620 1.37611518788974 NA NA
1621 1.37594530428297 NA NA
1622 1.37577542787071 NA NA
1623 1.3756055586534 NA NA
1624 1.37543569663155 NA NA
1625 1.37526584180561 NA NA
1626 1.37509599417623 NA NA
1627 1.37492615374387 NA NA
1628 1.37475632050902 NA NA
1629 1.37458649447213 NA NA
1630 1.37441667563386 NA NA
1631 1.37424686399467 NA NA
1632 1.37407705955497 NA NA
1633 1.37390726231544 NA NA
1634 1.37373747227652 NA NA
1635 1.37356768943872 NA NA
1636 1.37339791380247 NA NA
1637 1.37322814536846 NA NA
1638 1.37305838413711 NA NA
1639 1.37288863010886 NA NA
1640 1.37271888328439 NA NA
1641 1.37254914366412 NA NA
1642 1.37237941124857 NA NA
1643 1.37220968603819 NA NA
1644 1.37203996803364 NA NA
1645 1.37187025723535 NA NA
1646 1.37170055364385 NA NA
1647 1.37153085725957 NA NA
1648 1.37136116808317 NA NA
1649 1.37119148611511 NA NA
1650 1.3710218113558 NA NA
1651 1.37085214380594 NA NA
1652 1.37068248346594 NA NA
1653 1.37051283033633 NA NA
1654 1.37034318441755 NA NA
1655 1.37017354571026 NA NA
1656 1.3700039142149 NA NA
1657 1.36983428993191 NA NA
1658 1.36966467286196 NA NA
1659 1.36949506300549 NA NA
1660 1.36932546036301 NA NA
1661 1.36915586493497 NA NA
1662 1.36898627672202 NA NA
1663 1.36881669572461 NA NA
1664 1.36864712194326 NA NA
1665 1.3684775553784 NA NA
1666 1.3683079960307 NA NA
1667 1.36813844394529 NA NA
1668 1.36796889861506 NA NA
1669 1.36779935771024 NA NA
1670 1.36762981819683 NA NA
1671 1.36746027520373 NA NA
1672 1.36729072342342 NA NA
1673 1.36712115726444 NA NA
1674 1.36695157067893 NA NA
1675 1.36678195763078 NA NA
1676 1.36661231236692 NA NA
1677 1.3664426293111 NA NA
1678 1.36627290364136 NA NA
1679 1.36610313095483 NA NA
1680 1.36593330758329 NA NA
1681 1.36576343112967 NA NA
1682 1.36559349960715 NA NA
1683 1.36542351286778 NA NA
1684 1.36525347152731 NA NA
1685 1.36508337741958 NA NA
1686 1.36491323404406 NA NA
1687 1.36474304546613 NA NA
1688 1.364572818021 NA NA
1689 1.36440255876613 NA NA
1690 1.36423227551846 NA NA
1691 1.36406197794071 NA NA
1692 1.36389167609454 NA NA
1693 1.36372138138366 NA NA
1694 1.36355110605341 NA NA
1695 1.36338086310815 NA NA
1696 1.36321066633991 NA NA
1697 1.36304052966874 NA NA
1698 1.36287046739505 NA NA
1699 1.36270049388899 NA NA
1700 1.36253062287745 NA NA
1701 1.36236086742778 NA NA
1702 1.36219124018653 NA NA
1703 1.36202175214839 NA NA
1704 1.36185241373675 NA NA
1705 1.36168323169733 NA NA
1706 1.36151420869462 NA NA
1707 1.36134534746163 NA NA
1708 1.36117665208028 NA NA
1709 1.36100812674586 NA NA
1710 1.36083976503585 NA NA
1711 1.36067154709559 NA NA
1712 1.36050345221085 NA NA
1713 1.36033545967109 NA NA
1714 1.36016754876939 NA NA
1715 1.35999969880215 NA NA
1716 1.35983188906934 NA NA
1717 1.35966409887457 NA NA
1718 1.35949630752489 NA NA
1719 1.35932849433071 NA NA
1720 1.35916063860627 NA NA
1721 1.35899271966902 NA NA
1722 1.35882471684009 NA NA
1723 1.35865660944421 NA NA
1724 1.35848837680942 NA NA
1725 1.35831999826759 NA NA
1726 1.35815145315385 NA NA
1727 1.35798272080704 NA NA
1728 1.35781378056956 NA NA
1729 1.35764461178741 NA NA
1730 1.35747519381014 NA NA
1731 1.35730550599088 NA NA
1732 1.3571355276865 NA NA
1733 1.35696523825729 NA NA
1734 1.35679461706742 NA NA
1735 1.35662364348465 NA NA
1736 1.35645229688036 NA NA
1737 1.35628055662971 NA NA
1738 1.35610840211161 NA NA
1739 1.3559358127087 NA NA
1740 1.35576276780733 NA NA
1741 1.35558924679772 NA NA
1742 1.35541522907395 NA NA
1743 1.3552406940339 NA NA
1744 1.35506562107938 NA NA
1745 1.354889989616 NA NA
1746 1.35471377905334 NA NA
1747 1.35453696880516 NA NA
1748 1.35435953828899 NA NA
1749 1.35418146692635 NA NA
1750 1.3540027341431 NA NA
1751 1.35382331936901 NA NA
1752 1.35364320203805 NA NA
1753 1.35346236158829 NA NA
1754 1.35328077746219 NA NA
1755 1.35309842910624 NA NA
1756 1.35291529597152 NA NA
1757 1.35273135751316 NA NA
1758 1.35254659319083 NA NA
1759 1.35236098246869 NA NA
1760 1.35217450481524 NA NA
1761 1.3519871397035 NA NA
1762 1.35179886661122 NA NA
1763 1.35160966502059 NA NA
1764 1.35141951441864 NA NA
1765 1.3512283942969 NA NA
1766 1.3510362841518 NA NA
1767 1.35084316348477 NA NA
1768 1.35064901180171 NA NA
1769 1.3504538086138 NA NA
1770 1.35025753343711 NA NA
1771 1.35006016579274 NA NA
1772 1.34986168520686 NA NA
1773 1.34966207121087 NA NA
1774 1.34946130334138 NA NA
1775 1.34925936114024 NA NA
1776 1.34905622415479 NA NA
1777 1.34885187193766 NA NA
1778 1.34864628404699 NA NA
1779 1.34843944004646 NA NA
1780 1.34823131950554 NA NA
1781 1.34802190199904 NA NA
1782 1.3478111671079 NA NA
1783 1.34759909441858 NA NA
1784 1.34738566352367 NA NA
1785 1.34717085402165 NA NA
1786 1.34695464551692 NA NA
1787 1.34673701762029 NA NA
1788 1.34651794994847 NA NA
1789 1.34629742212468 NA NA
1790 1.34607541377834 NA NA
1791 1.34585190454539 NA NA
1792 1.34562687406829 NA NA
1793 1.34540030199611 NA NA
1794 1.34517216798451 NA NA
1795 1.34494245169602 NA NA
1796 1.3447111328 NA NA
1797 1.34447819097278 NA NA
1798 1.34424360589764 NA NA
1799 1.34400735726511 NA NA
1800 1.34376942477274 NA NA
1801 1.34352978812566 NA NA
1802 1.3432884270361 NA NA
1803 1.34304532122403 NA NA
1804 1.34280045041674 NA NA
1805 1.34255379434954 NA NA
1806 1.34230533276519 NA NA
1807 1.34205504541457 NA NA
1808 1.34180291205638 NA NA
1809 1.34154891245756 NA NA
1810 1.34129302639299 NA NA
1811 1.341035233646 NA NA
1812 1.34077551400838 NA NA
1813 1.34051384728025 NA NA
1814 1.34025021327049 NA NA
1815 1.33998459179641 NA NA
1816 1.33971696268455 NA NA
1817 1.33944730576996 NA NA
1818 1.3391756008971 NA NA
1819 1.33890182791933 NA NA
1820 1.33862596669932 NA NA
1821 1.33834799710916 NA NA
1822 1.33806789903054 NA NA
1823 1.33778565235452 NA NA
1824 1.33750123698221 NA NA
1825 1.33721463282418 NA NA
1826 1.33692581980138 NA NA
1827 1.33663477784468 NA NA
1828 1.33634148689503 NA NA
1829 1.33604592777132 NA NA
1830 1.33574808771326 NA NA
1831 1.33544795685599 NA NA
1832 1.33514552772535 NA NA
1833 1.33484079785381 NA NA
1834 1.33453376537226 NA NA
1835 1.33422442526221 NA NA
1836 1.33391276716436 NA NA
1837 1.33359878013594 NA NA
1838 1.33328245001756 NA NA
1839 1.33296375824335 NA NA
1840 1.33264268608017 NA NA
1841 1.33231921917334 NA NA
1842 1.33199334828585 NA NA
1843 1.33166506528406 NA NA
1844 1.33133438055807 NA NA
1845 1.33100132301398 NA NA
1846 1.33066592360361 NA NA
1847 1.33032823617362 NA NA
1848 1.32998833465317 NA NA
1849 1.32964629784463 NA NA
1850 1.32930222596644 NA NA
1851 1.32895622600798 NA NA
1852 1.32860840530979 NA NA
1853 1.32825887295944 NA NA
1854 1.32790773852515 NA NA
1855 1.32755511277768 NA NA
1856 1.32720111187796 NA NA
1857 1.32684585343052 NA NA
1858 1.32648946128807 NA NA
1859 1.32613208597303 NA NA
1860 1.3257738850436 NA NA
1861 1.32541501857249 NA NA
1862 1.3250556783635 NA NA
1863 1.32469607758775 NA NA
1864 1.3243364329117 NA NA
1865 1.32397700162294 NA NA
1866 1.32361806910056 NA NA
1867 1.323259933284 NA NA
1868 1.32290294658395 NA NA
1869 1.32254747666098 NA NA
1870 1.32219390067196 NA NA
1871 1.32184264318663 NA NA
1872 1.32149414327097 NA NA
1873 1.32114884411136 NA NA
1874 1.32080721256185 NA NA
1875 1.32046972357177 NA NA
1876 1.32013685246338 NA NA
1877 1.31980907780003 NA NA
1878 1.31948687935648 NA NA
1879 1.31917073488519 NA NA
1880 1.31886110761482 NA NA
1881 1.3185584540216 NA NA
1882 1.31826322998987 NA NA
1883 1.3179758716965 NA NA
1884 1.31769678838611 NA NA
1885 1.31742638694752 NA NA
1886 1.31716504736232 NA NA
1887 1.31691310406375 NA NA
1888 1.31667088394832 NA NA
1889 1.31643865916011 NA NA
1890 1.31621665505409 NA NA
1891 1.31600509337867 NA NA
1892 1.31580413641948 NA NA
1893 1.31561388047361 NA NA
1894 1.31543441745521 NA NA
1895 1.3152657853174 NA NA
1896 1.31510794198647 NA NA
1897 1.31496083870794 NA NA
1898 1.31482438259133 NA NA
1899 1.31469839007192 NA NA
1900 1.31458266653177 NA NA
1901 1.31447698833049 NA NA
1902 1.3143810453784 NA NA
1903 1.31429451169125 NA NA
1904 1.31421704856298 NA NA
1905 1.31414826125641 NA NA
1906 1.31408773977348 NA NA
1907 1.31403506963357 NA NA
1908 1.31398980478367 NA NA
1909 1.31395148583029 NA NA
1910 1.31391965243973 NA NA
1911 1.31389383300951 NA NA
1912 1.31387354854641 NA NA
1913 1.31385831999978 NA NA
1914 1.31384766922319 NA NA
1915 1.31384111899197 NA NA
1916 1.31383819233429 NA NA
1917 1.31383842618207 NA NA
1918 1.31384138039559 NA NA
1919 1.31384661699858 NA NA
1920 1.3138537098614 NA NA
1921 1.31386226605569 NA NA
1922 1.31387189856526 NA NA
1923 1.31388223438463 NA NA
1924 1.3138929262721 NA NA
1925 1.31390362975138 NA NA
1926 1.3139140086687 NA NA
1927 1.31392375470419 NA NA
1928 1.31393256534576 NA NA
1929 1.31394013865587 NA NA
1930 1.31394618729186 NA NA
1931 1.31395043928954 NA NA
1932 1.3139526234482 NA NA
1933 1.31395247251438 NA NA
1934 1.31394972711348 NA NA
1935 1.31394412881185 NA NA
1936 1.31393542224168 NA NA
1937 1.31392336427655 NA NA
1938 1.31390771485976 NA NA
1939 1.31388823653315 NA NA
1940 1.31386471511924 NA NA
1941 1.31383694877005 NA NA
1942 1.31380473659111 NA NA
1943 1.31376789850802 NA NA
1944 1.31372627638188 NA NA
1945 1.31367971449451 NA NA
1946 1.31362808096414 NA NA
1947 1.31357126429291 NA NA
1948 1.31350915383742 NA NA
1949 1.31344165467668 NA NA
1950 1.31336869999933 NA NA
1951 1.31329022593769 NA NA
1952 1.31320617686214 NA NA
1953 1.3131165320387 NA NA
1954 1.31302128001521 NA NA
1955 1.31292041181002 NA NA
1956 1.31281394654098 NA NA
1957 1.31270192129986 NA NA
1958 1.3125843736598 NA NA
1959 1.31246135023668 NA NA
1960 1.31233291104233 NA NA
1961 1.31219911718642 NA NA
1962 1.31206003068653 NA NA
1963 1.31191571704168 NA NA
1964 1.31176624260421 NA NA
1965 1.31161167485356 NA NA
1966 1.31145208523809 NA NA
1967 1.31128754609247 NA NA
1968 1.31111813018201 NA NA
1969 1.31094391480588 NA NA
1970 1.31076498001134 NA NA
1971 1.31058140590296 NA NA
1972 1.31039327362208 NA NA
1973 1.3102006659734 NA NA
1974 1.3100036659114 NA NA
1975 1.30980235739363 NA NA
1976 1.3095968290456 NA NA
1977 1.3093871708441 NA NA
1978 1.30917347280406 NA NA
1979 1.30895582570515 NA NA
1980 1.30873432097893 NA NA
1981 1.30850905006795 NA NA
1982 1.30828010398329 NA NA
1983 1.30804757267238 NA NA
1984 1.30781154590771 NA NA
1985 1.30757211214094 NA NA
1986 1.30732935614155 NA NA
1987 1.30708336202882 NA NA
1988 1.30683421376304 NA NA
1989 1.30658199378589 NA NA
1990 1.30632678363753 NA NA
1991 1.30606866480816 NA NA
1992 1.30580771639783 NA NA
1993 1.30554401312411 NA NA
1994 1.30527762922107 NA NA
1995 1.30500863797528 NA NA
1996 1.30473710619017 NA NA
1997 1.30446309791557 NA NA
1998 1.3041866771486 NA NA
1999 1.30390790640563 NA NA
2000 1.30362684607141 NA NA
2001 1.30334355635199 NA NA
2002 1.30305809759309 NA NA
2003 1.30277053098111 NA NA
2004 1.30248091798417 NA NA
2005 1.30218931955407 NA NA
2006 1.30189579292318 NA NA
2007 1.30160039364917 NA NA
2008 1.30130317720593 NA NA
2009 1.30100419463282 NA NA
2010 1.30070348966363 NA NA
2011 1.30040110533895 NA NA
2012 1.30009708468414 NA NA
2013 1.29979147068301 NA NA
2014 1.29948430629433 NA NA
2015 1.29917563447131 NA NA
2016 1.29886549873321 NA NA
2017 1.29855394362172 NA NA
2018 1.29824101377298 NA NA
2019 1.29792675350978 NA NA
2020 1.29761120452951 NA NA
2021 1.2972944071721 NA NA
2022 1.29697640174333 NA NA
2023 1.29665722650132 NA NA
2024 1.29633691527714 NA NA
2025 1.29601550131284 NA NA
2026 1.29569301645673 NA NA
2027 1.29536948778318 NA NA
2028 1.29504494133339 NA NA
2029 1.29471940309908 NA NA
2030 1.29439289806596 NA NA
2031 1.29406545018772 NA NA
2032 1.29373708336376 NA NA
2033 1.29340782146166 NA NA
2034 1.29307768821299 NA NA
2035 1.2927467072998 NA NA
2036 1.29241490238854 NA NA
2037 1.29208229660321 NA NA
2038 1.29174891220236 NA NA
2039 1.29141477135931 NA NA
2040 1.29107989587368 NA NA
2041 1.29074430388307 NA NA
2042 1.29040801142038 NA NA
2043 1.29007103444849 NA NA
2044 1.28973338800562 NA NA
2045 1.28939508620595 NA NA
2046 1.28905614311901 NA NA
2047 1.28871657261667 NA NA
2048 1.28837638742186 NA NA
2049 1.28803559983307 NA NA
2050 1.28769422215729 NA NA
2051 1.2873522686551 NA NA
2052 1.28700975760044 NA NA
2053 1.28666670775387 NA NA
2054 1.28632313813278 NA NA
2055 1.28597907201988 NA NA
2056 1.28563453615499 NA NA
2057 1.28528955736823 NA NA
2058 1.2849441620091 NA NA
2059 1.28459837394705 NA NA
2060 1.28425221623535 NA NA
2061 1.28390571188961 NA NA
2062 1.28355887963753 NA NA
2063 1.28321172941795 NA NA
2064 1.28286427008812 NA NA
2065 1.28251650689325 NA NA
2066 1.28216842830221 NA NA
2067 1.28182001791879 NA NA
2068 1.28147125929263 NA NA
2069 1.28112212798178 NA NA
2070 1.28077258358774 NA NA
2071 1.28042258383161 NA NA
2072 1.28007208642917 NA NA
2073 1.27972104865691 NA NA
2074 1.27936942737566 NA NA
2075 1.27901717944585 NA NA
2076 1.27866426363433 NA NA
2077 1.27831065314226 NA NA
2078 1.27795632782658 NA NA
2079 1.27760126758836 NA NA
2080 1.27724545566124 NA NA
2081 1.27688888673389 NA NA
2082 1.27653155796024 NA NA
2083 1.27617346649887 NA NA
2084 1.27581460975771 NA NA
2085 1.27545498557697 NA NA
2086 1.27509459184186 NA NA
2087 1.2747334249236 NA NA
2088 1.27437147393628 NA NA
2089 1.27400872582825 NA NA
2090 1.27364516754477 NA NA
2091 1.27328078231906 NA NA
2092 1.27291554383359 NA NA
2093 1.27254942426778 NA NA
2094 1.27218239583269 NA NA
2095 1.27181443179889 NA NA
2096 1.27144550700127 NA NA
2097 1.27107559641168 NA NA
2098 1.27070467541483 NA NA
2099 1.27033272711697 NA NA
2100 1.26995974157723 NA NA
2101 1.26958570910843 NA NA
2102 1.26921062102872 NA NA
2103 1.2688344782943 NA NA
2104 1.26845728724515 NA NA
2105 1.26807905427869 NA NA
2106 1.26769978650536 NA NA
2107 1.26731949514241 NA NA
2108 1.26693819286903 NA NA
2109 1.26655589253472 NA NA
2110 1.26617261207005 NA NA
2111 1.26578837519257 NA NA
2112 1.26540320592606 NA NA
2113 1.26501712735857 NA NA
2114 1.26463014754498 NA NA
2115 1.2642422623496 NA NA
2116 1.26385346728778 NA NA
2117 1.26346375787767 NA NA
2118 1.26307312964052 NA NA
2119 1.26268157810035 NA NA
2120 1.26228909878424 NA NA
2121 1.2618956872224 NA NA
2122 1.26150133894766 NA NA
2123 1.2611060494963 NA NA
2124 1.26070981440726 NA NA
2125 1.26031262922274 NA NA
2126 1.25991448948792 NA NA
2127 1.25951539075097 NA NA
2128 1.25911532856338 NA NA
2129 1.25871429847942 NA NA
2130 1.25831229605673 NA NA
2131 1.25790931685596 NA NA
2132 1.25750535644094 NA NA
2133 1.25710041037865 NA NA
2134 1.25669447423924 NA NA
2135 1.25628754359614 NA NA
2136 1.25587961402575 NA NA
2137 1.25547068110799 NA NA
2138 1.25506074042581 NA NA
2139 1.25464978756546 NA NA
2140 1.25423781811657 NA NA
2141 1.25382482767188 NA NA
2142 1.25341081182753 NA NA
2143 1.25299576618303 NA NA
2144 1.25257968634108 NA NA
2145 1.2521625679079 NA NA
2146 1.25174440649292 NA NA
2147 1.25132519770908 NA NA
2148 1.25090493717269 NA NA
2149 1.25048362050335 NA NA
2150 1.2500612433243 NA NA
2151 1.24963780126211 NA NA
2152 1.24921328994678 NA NA
2153 1.24878770501199 NA NA
2154 1.24836104209465 NA NA
2155 1.24793329683539 NA NA
2156 1.24750446487831 NA NA
2157 1.24707454187109 NA NA
2158 1.24664352346493 NA NA
2159 1.24621140531467 NA NA
2160 1.24577818307874 NA NA
2161 1.24534385241925 NA NA
2162 1.24490840900177 NA NA
2163 1.24447184849578 NA NA
2164 1.24403416657425 NA NA
2165 1.24359535891399 NA NA
2166 1.2431554211953 NA NA
2167 1.24271434910257 NA NA
2168 1.24227213832353 NA NA
2169 1.24182878455001 NA NA
2170 1.2413842834775 NA NA
2171 1.24093863080524 NA NA
2172 1.24049182223634 NA NA
2173 1.24004385347792 NA NA
2174 1.23959472024059 NA NA
2175 1.23914441823928 NA NA
2176 1.23869294319247 NA NA
2177 1.23824029082276 NA NA
2178 1.23778645685662 NA NA
2179 1.2373314370245 NA NA
2180 1.2368752270608 NA NA
2181 1.23641782270386 NA NA
2182 1.23595921969627 NA NA
2183 1.2354994137844 NA NA
2184 1.23503840071872 NA NA
2185 1.23457617625396 NA NA
2186 1.23411273614875 NA NA
2187 1.2336480761659 NA NA
2188 1.23318219207237 NA NA
2189 1.23271507963934 NA NA
2190 1.23224673464194 NA NA
2191 1.23177715285987 NA NA
2192 1.23130633007662 NA NA
2193 1.23083426208027 NA NA
2194 1.23036094466295 NA NA
2195 1.22988637362121 NA NA
2196 1.22941054475576 NA NA
2197 1.22893345387177 NA NA
2198 1.22845509677869 NA NA
2199 1.22797546929026 NA NA
2200 1.22749456722473 NA NA
2201 1.22701238640465 NA NA
2202 1.22652892265719 NA NA
2203 1.22604417181367 NA NA
2204 1.22555812971013 NA NA
2205 1.22507079218694 NA NA
2206 1.22458215508919 NA NA
2207 1.22409221426631 NA NA
2208 1.22360096557235 NA NA
2209 1.22310840486588 NA NA
2210 1.22261452801027 NA NA
2211 1.22211933087331 NA NA
2212 1.22162280932752 NA NA
2213 1.22112495925006 NA NA
2214 1.22062577652289 NA NA
2215 1.22012525703251 NA NA
2216 1.21962339667026 NA NA
2217 1.2191201913322 NA NA
2218 1.21861563691929 NA NA
2219 1.21810972933712 NA NA
2220 1.21760246449628 NA NA
2221 1.21709383831203 NA NA
2222 1.21658384670469 NA NA
2223 1.21607248559932 NA NA
2224 1.21555975092604 NA NA
2225 1.21504563861986 NA NA
2226 1.21453014462068 NA NA
2227 1.21401326487353 NA NA
2228 1.2134949953284 NA NA
2229 1.21297533194032 NA NA
2230 1.21245427066938 NA NA
2231 1.21193180748068 NA NA
2232 1.21140793834469 NA NA
2233 1.21088265923668 NA NA
2234 1.21035596613733 NA NA
2235 1.20982785503251 NA NA
2236 1.20929832191307 NA NA
2237 1.20876736277539 NA NA
2238 1.20823497362093 NA NA
2239 1.20770115045645 NA NA
2240 1.20716588929408 NA NA
2241 1.20662918615132 NA NA
2242 1.20609103705091 NA NA
2243 1.20555143802105 NA NA
2244 1.20501038509543 NA NA
2245 1.20446787431301 NA NA
2246 1.20392390171841 NA NA
2247 1.20337846336154 NA NA
2248 1.20283155529801 NA NA
2249 1.2022831735889 NA NA
2250 1.20173331430078 NA NA
2251 1.20118197350588 NA NA
2252 1.20062914728221 NA NA
2253 1.20007483171314 NA NA
2254 1.19951902288793 NA NA
2255 1.19896171690147 NA NA
2256 1.19840290985439 NA NA
2257 1.19784259785305 NA NA
2258 1.19728077700955 NA NA
2259 1.19671744344201 NA NA
2260 1.19615259327416 NA NA
2261 1.1955862226356 NA NA
2262 1.19501832766206 NA NA
2263 1.19444890449494 NA NA
2264 1.19387794928175 NA NA
2265 1.19330545817578 NA NA
2266 1.19273142733657 NA NA
2267 1.1921558529295 NA NA
2268 1.19157873112617 NA NA
2269 1.19100005810408 NA NA
2270 1.19041983004697 NA NA
2271 1.18983804314476 NA NA
2272 1.18925469359341 NA NA
2273 1.18866977759524 NA NA
2274 1.18808329135864 NA NA
2275 1.18749523109841 NA NA
2276 1.18690559303558 NA NA
2277 1.18631437339741 NA NA
2278 1.18572156841772 NA NA
2279 1.18512717433645 NA NA
2280 1.18453118740012 NA NA
2281 1.18393360386158 NA NA
2282 1.18333441998035 NA NA
2283 1.18273363202214 NA NA
2284 1.18213123625951 NA NA
2285 1.18152722897125 NA NA
2286 1.18092160644305 NA NA
2287 1.18031436496699 NA NA
2288 1.17970550084188 NA NA
2289 1.1790950103732 NA NA
2290 1.17848288987314 NA NA
2291 1.17786913566069 NA NA
2292 1.17725374406142 NA NA
2293 1.17663671140803 NA NA
2294 1.17601803403966 NA NA
2295 1.17539770830263 NA NA
2296 1.17477573055005 NA NA
2297 1.17415209714186 NA NA
2298 1.17352680444259 NA NA
2299 1.17289984823658 NA NA
2300 1.17227122296806 NA NA
2301 1.17164092290155 NA NA
2302 1.17100894231051 NA NA
2303 1.17037527539796 NA NA
2304 1.16973991514722 NA NA
2305 1.16910285358035 NA NA
2306 1.16846408270357 NA NA
2307 1.16782359453408 NA NA
2308 1.1671813819709 NA NA
2309 1.16653744162221 NA NA
2310 1.16589177108543 NA NA
2311 1.16524436796447 NA NA
2312 1.1645952298987 NA NA
2313 1.16394435607101 NA NA
2314 1.16329174794798 NA NA
2315 1.16263740718396 NA NA
2316 1.161981335437 NA NA
2317 1.16132353405136 NA NA
2318 1.16066400121489 NA NA
2319 1.1600027333075 NA NA
2320 1.15933972669533 NA NA
2321 1.15867497763586 NA NA
2322 1.15800848034588 NA NA
2323 1.15734022730025 NA NA
2324 1.15667021092875 NA NA
2325 1.15599842367251 NA NA
2326 1.15532485770885 NA NA
2327 1.15464950359504 NA NA
2328 1.15397235130216 NA NA
2329 1.15329339081434 NA NA
2330 1.15261261212676 NA NA
2331 1.15193000441683 NA NA
2332 1.15124555485726 NA NA
2333 1.15055925033685 NA NA
2334 1.14987107776116 NA NA
2335 1.14918102403256 NA NA
2336 1.14848907547595 NA NA
2337 1.14779521775668 NA NA
2338 1.14709943652167 NA NA
2339 1.14640171743639 NA NA
2340 1.14570204630247 NA NA
2341 1.14500041011189 NA NA
2342 1.14429679654708 NA NA
2343 1.14359119331567 NA NA
2344 1.14288358814285 NA NA
2345 1.14217396883488 NA NA
2346 1.14146232351188 NA NA
2347 1.14074864039743 NA NA
2348 1.14003290773253 NA NA
2349 1.13931511371735 NA NA
2350 1.13859524596735 NA NA
2351 1.13787329176124 NA NA
2352 1.13714923839185 NA NA
2353 1.13642307317093 NA NA
2354 1.13569478305617 NA NA
2355 1.13496435306797 NA NA
2356 1.13423176760847 NA NA
2357 1.13349701110192 NA NA
2358 1.13276006799451 NA NA
2359 1.13202092219942 NA NA
2360 1.13127955595406 NA NA
2361 1.13053595119694 NA NA
2362 1.12979008989192 NA NA
2363 1.12904195402996 NA NA
2364 1.12829152578355 NA NA
2365 1.12753878765394 NA NA
2366 1.12678372220283 NA NA
2367 1.12602631201773 NA NA
2368 1.1252665397283 NA NA
2369 1.12450438860984 NA NA
2370 1.12373984276818 NA NA
2371 1.1229728863881 NA NA
2372 1.1222035036798 NA NA
2373 1.12143167892321 NA NA
2374 1.12065739735802 NA NA
2375 1.11988064513514 NA NA
2376 1.1191014084643 NA NA
2377 1.11831967357892 NA NA
2378 1.1175354264699 NA NA
2379 1.11674865250521 NA NA
2380 1.11595933698213 NA NA
2381 1.11516746522385 NA NA
2382 1.11437302256578 NA NA
2383 1.11357599284149 NA NA
2384 1.11277635702563 NA NA
2385 1.11197409580333 NA NA
2386 1.11116918989173 NA NA
2387 1.1103616200201 NA NA
2388 1.10955136563429 NA NA
2389 1.10873840410129 NA NA
2390 1.10792271263387 NA NA
2391 1.10710426848177 NA NA
2392 1.10628304895112 NA NA
2393 1.1054590322828 NA NA
2394 1.10463219801585 NA NA
2395 1.10380252581951 NA NA
2396 1.1029699953991 NA NA
2397 1.10213458653636 NA NA
2398 1.10129628071715 NA NA
2399 1.1004550616855 NA NA
2400 1.09961091337248 NA NA
2401 1.09876381974192 NA NA
2402 1.09791376493849 NA NA
2403 1.09706073382654 NA NA
2404 1.09620471150232 NA NA
2405 1.09534568309458 NA NA
2406 1.09448363376473 NA NA
2407 1.09361854850254 NA NA
2408 1.09275041135162 NA NA
2409 1.09187920609714 NA NA
2410 1.09100491655974 NA NA
2411 1.09012752659568 NA NA
2412 1.08924702027031 NA NA
2413 1.08836338262198 NA NA
2414 1.08747659903935 NA NA
2415 1.08658665494633 NA NA
2416 1.085693535802 NA NA
2417 1.08479722777963 NA NA
2418 1.08389772150519 NA NA
2419 1.08299500940219 NA NA
2420 1.08208908392675 NA NA
2421 1.08117993756278 NA NA
2422 1.08026756302943 NA NA
2423 1.07935195481624 NA NA
2424 1.07843310831114 NA NA
2425 1.07751101893381 NA NA
2426 1.07658568212903 NA NA
2427 1.07565709304435 NA NA
2428 1.07472524300892 NA NA
2429 1.07379012085926 NA NA
2430 1.07285171542197 NA NA
2431 1.07191001555796 NA NA
2432 1.07096500981839 NA NA
2433 1.07001668579543 NA NA
2434 1.06906503093997 NA NA
2435 1.06811003274062 NA NA
2436 1.06715167872351 NA NA
2437 1.06618995721506 NA NA
2438 1.06522485991258 NA NA
2439 1.0642563794583 NA NA
2440 1.06328450852647 NA NA
2441 1.06230923982358 NA NA
2442 1.06133056681907 NA NA
2443 1.06034848823937 NA NA
2444 1.05936300511199 NA NA
2445 1.05837411849592 NA NA
2446 1.05738182947172 NA NA
2447 1.05638613960703 NA NA
2448 1.05538705668093 NA NA
2449 1.05438459288648 NA NA
2450 1.05337876051749 NA NA
2451 1.05236957187422 NA NA
2452 1.05135703948787 NA NA
2453 1.05034118367002 NA NA
2454 1.04932203430597 NA NA
2455 1.04829962185274 NA NA
2456 1.04727397674704 NA NA
2457 1.04624512942458 NA NA
2458 1.04521311501323 NA NA
2459 1.04417797942328 NA NA
2460 1.04313977003079 NA NA
2461 1.04209853416481 NA NA
2462 1.04105431954223 NA NA
2463 1.04000718256207 NA NA
2464 1.0389571876316 NA NA
2465 1.03790439938638 NA NA
2466 1.03684888238615 NA NA
2467 1.03579070116747 NA NA
2468 1.03472992670237 NA NA
2469 1.03366664251954 NA NA
2470 1.03260093349155 NA NA
2471 1.03153288437983 NA NA
2472 1.03046257983359 NA NA
2473 1.02939010683902 NA NA
2474 1.02831556331266 NA NA
2475 1.02723905014744 NA NA
2476 1.02616066809496 NA NA
2477 1.02508051776455 NA NA
2478 1.02399869962234 NA NA
2479 1.02291531672145 NA NA
2480 1.02183048136916 NA NA
2481 1.02074430772973 NA NA
2482 1.01965690979831 NA NA
2483 1.01856840140011 NA NA
2484 1.0174788963227 NA NA
2485 1.0163885095106 NA NA
2486 1.01529735649624 NA NA
2487 1.01420555264433 NA NA
2488 1.01311321314236 NA NA
2489 1.0120204529003 NA NA
2490 1.01092738134998 NA NA
2491 1.00983409989841 NA NA
2492 1.00874070915846 NA NA
2493 1.00764730958523 NA NA
2494 1.00655400147538 NA NA
2495 1.00546087800524 NA NA
2496 1.00436800081505 NA NA
2497 1.00327542260529 NA NA
2498 1.00218319599233 NA NA
2499 1.00109137350877 NA NA
