
/begin_header
/missing=-999
/delimiter=space
!
! Rayleigh optical thickness using recommendations of Bodhaine et al. 1999 
!	
!	Bodhaine, B.A., Wood, N.B, Dutton, E.G., Slusser, J.R. (1999). On Rayleigh
!   Optical Depth Calculations, J. Atmos. Ocean Tech., 16, 1854-1861.
!   assumes P=1013.25mb, T=288.15K, CO2=360ppm
!
! B. Franz, 5 Novenber 2008.
!
/fields=wavelength,tau_r,dpol
/units=nm,dimensionless
/end_header
200.00 7.75716 0.0449605
201.00 7.56564 0.0446867
202.00 7.38049 0.0444188
203.00 7.20144 0.0441566
204.00 7.02822 0.0438999
205.00 6.86058 0.0436486
206.00 6.69828 0.0434026
207.00 6.54109 0.0431616
208.00 6.38881 0.0429257
209.00 6.24124 0.0426946
210.00 6.09818 0.0424683
211.00 5.95946 0.0422466
212.00 5.82491 0.0420293
213.00 5.69436 0.0418165
214.00 5.56767 0.0416079
215.00 5.44469 0.0414034
216.00 5.32527 0.0412031
217.00 5.20928 0.0410067
218.00 5.09661 0.0408141
219.00 4.98713 0.0406253
220.00 4.88072 0.0404402
221.00 4.77727 0.0402587
222.00 4.67669 0.0400807
223.00 4.57886 0.0399061
224.00 4.48371 0.0397348
225.00 4.39112 0.0395667
226.00 4.30102 0.0394019
227.00 4.21332 0.0392401
228.00 4.12795 0.0390814
229.00 4.04481 0.0389256
230.00 3.96385 0.0387727
231.00 3.88499 0.0386226
232.00 3.80815 0.0384753
233.00 3.73329 0.0383306
234.00 3.66032 0.0381886
235.00 3.58920 0.0380491
236.00 3.51986 0.0379122
237.00 3.45225 0.0377777
238.00 3.38632 0.0376456
239.00 3.32201 0.0375158
240.00 3.25927 0.0373883
241.00 3.19806 0.0372631
242.00 3.13833 0.0371401
243.00 3.08004 0.0370192
244.00 3.02313 0.0369003
245.00 2.96758 0.0367836
246.00 2.91334 0.0366688
247.00 2.86038 0.0365560
248.00 2.80865 0.0364451
249.00 2.75812 0.0363361
250.00 2.70876 0.0362289
251.00 2.66053 0.0361235
252.00 2.61340 0.0360199
253.00 2.56734 0.0359179
254.00 2.52232 0.0358177
255.00 2.47831 0.0357191
256.00 2.43529 0.0356222
257.00 2.39322 0.0355268
258.00 2.35208 0.0354329
259.00 2.31184 0.0353406
260.00 2.27249 0.0352498
261.00 2.23399 0.0351604
262.00 2.19632 0.0350724
263.00 2.15947 0.0349858
264.00 2.12341 0.0349006
265.00 2.08811 0.0348168
266.00 2.05356 0.0347342
267.00 2.01975 0.0346529
268.00 1.98664 0.0345729
269.00 1.95423 0.0344942
270.00 1.92249 0.0344166
271.00 1.89140 0.0343402
272.00 1.86096 0.0342650
273.00 1.83114 0.0341910
274.00 1.80193 0.0341180
275.00 1.77332 0.0340462
276.00 1.74528 0.0339754
277.00 1.71781 0.0339057
278.00 1.69089 0.0338370
279.00 1.66450 0.0337693
280.00 1.63864 0.0337026
281.00 1.61329 0.0336369
282.00 1.58844 0.0335722
283.00 1.56407 0.0335084
284.00 1.54018 0.0334455
285.00 1.51676 0.0333836
286.00 1.49378 0.0333225
287.00 1.47125 0.0332623
288.00 1.44915 0.0332029
289.00 1.42748 0.0331444
290.00 1.40621 0.0330867
291.00 1.38535 0.0330299
292.00 1.36488 0.0329738
293.00 1.34479 0.0329185
294.00 1.32508 0.0328640
295.00 1.30573 0.0328102
296.00 1.28675 0.0327572
297.00 1.26811 0.0327049
298.00 1.24982 0.0326533
299.00 1.23186 0.0326024
300.00 1.21423 0.0325522
301.00 1.19691 0.0325027
302.00 1.17992 0.0324539
303.00 1.16322 0.0324057
304.00 1.14683 0.0323581
305.00 1.13073 0.0323112
306.00 1.11491 0.0322649
307.00 1.09938 0.0322192
308.00 1.08412 0.0321741
309.00 1.06913 0.0321296
310.00 1.05440 0.0320857
311.00 1.03992 0.0320423
312.00 1.02570 0.0319995
313.00 1.01173 0.0319573
314.00 0.997994 0.0319156
315.00 0.984496 0.0318744
316.00 0.971229 0.0318337
317.00 0.958188 0.0317936
318.00 0.945369 0.0317540
319.00 0.932766 0.0317149
320.00 0.920376 0.0316762
321.00 0.908195 0.0316381
322.00 0.896217 0.0316004
323.00 0.884439 0.0315632
324.00 0.872856 0.0315264
325.00 0.861466 0.0314901
326.00 0.850263 0.0314543
327.00 0.839244 0.0314188
328.00 0.828406 0.0313839
329.00 0.817745 0.0313493
330.00 0.807257 0.0313151
331.00 0.796939 0.0312814
332.00 0.786787 0.0312481
333.00 0.776799 0.0312151
334.00 0.766971 0.0311826
335.00 0.757300 0.0311504
336.00 0.747783 0.0311186
337.00 0.738417 0.0310872
338.00 0.729199 0.0310562
339.00 0.720127 0.0310255
340.00 0.711197 0.0309952
341.00 0.702407 0.0309652
342.00 0.693753 0.0309356
343.00 0.685235 0.0309063
344.00 0.676848 0.0308774
345.00 0.668591 0.0308488
346.00 0.660461 0.0308205
347.00 0.652456 0.0307925
348.00 0.644573 0.0307649
349.00 0.636810 0.0307375
350.00 0.629166 0.0307105
351.00 0.621637 0.0306838
352.00 0.614221 0.0306573
353.00 0.606917 0.0306312
354.00 0.599723 0.0306053
355.00 0.592636 0.0305798
356.00 0.585655 0.0305545
357.00 0.578777 0.0305295
358.00 0.572002 0.0305047
359.00 0.565326 0.0304803
360.00 0.558748 0.0304561
361.00 0.552267 0.0304321
362.00 0.545881 0.0304085
363.00 0.539588 0.0303850
364.00 0.533386 0.0303618
365.00 0.527274 0.0303389
366.00 0.521250 0.0303162
367.00 0.515313 0.0302938
368.00 0.509461 0.0302716
369.00 0.503693 0.0302496
370.00 0.498007 0.0302279
371.00 0.492402 0.0302063
372.00 0.486877 0.0301850
373.00 0.481429 0.0301640
374.00 0.476058 0.0301431
375.00 0.470763 0.0301225
376.00 0.465542 0.0301020
377.00 0.460394 0.0300818
378.00 0.455317 0.0300618
379.00 0.450311 0.0300420
380.00 0.445374 0.0300224
381.00 0.440506 0.0300030
382.00 0.435704 0.0299838
383.00 0.430968 0.0299647
384.00 0.426297 0.0299459
385.00 0.421690 0.0299273
386.00 0.417146 0.0299088
387.00 0.412663 0.0298905
388.00 0.408240 0.0298724
389.00 0.403878 0.0298545
390.00 0.399574 0.0298368
391.00 0.395327 0.0298192
392.00 0.391138 0.0298018
393.00 0.387004 0.0297846
394.00 0.382925 0.0297675
395.00 0.378901 0.0297506
396.00 0.374929 0.0297339
397.00 0.371010 0.0297173
398.00 0.367143 0.0297009
399.00 0.363326 0.0296847
400.00 0.359559 0.0296685
401.00 0.355841 0.0296526
402.00 0.352172 0.0296368
403.00 0.348550 0.0296212
404.00 0.344975 0.0296056
405.00 0.341446 0.0295903
406.00 0.337963 0.0295751
407.00 0.334524 0.0295600
408.00 0.331129 0.0295451
409.00 0.327777 0.0295303
410.00 0.324468 0.0295156
411.00 0.321202 0.0295011
412.00 0.317976 0.0294867
413.00 0.314791 0.0294724
414.00 0.311646 0.0294583
415.00 0.308541 0.0294443
416.00 0.305475 0.0294304
417.00 0.302447 0.0294167
418.00 0.299457 0.0294031
419.00 0.296503 0.0293896
420.00 0.293587 0.0293762
421.00 0.290706 0.0293629
422.00 0.287861 0.0293498
423.00 0.285051 0.0293368
424.00 0.282276 0.0293239
425.00 0.279534 0.0293111
426.00 0.276826 0.0292984
427.00 0.274151 0.0292858
428.00 0.271508 0.0292733
429.00 0.268897 0.0292610
430.00 0.266318 0.0292487
431.00 0.263770 0.0292366
432.00 0.261253 0.0292246
433.00 0.258765 0.0292126
434.00 0.256308 0.0292008
435.00 0.253880 0.0291891
436.00 0.251480 0.0291774
437.00 0.249110 0.0291659
438.00 0.246767 0.0291545
439.00 0.244452 0.0291431
440.00 0.242164 0.0291319
441.00 0.239903 0.0291208
442.00 0.237668 0.0291097
443.00 0.235460 0.0290988
444.00 0.233278 0.0290879
445.00 0.231121 0.0290771
446.00 0.228988 0.0290664
447.00 0.226881 0.0290558
448.00 0.224798 0.0290453
449.00 0.222739 0.0290349
450.00 0.220704 0.0290246
451.00 0.218692 0.0290143
452.00 0.216703 0.0290041
453.00 0.214736 0.0289941
454.00 0.212793 0.0289841
455.00 0.210871 0.0289741
456.00 0.208971 0.0289643
457.00 0.207092 0.0289545
458.00 0.205235 0.0289448
459.00 0.203399 0.0289352
460.00 0.201583 0.0289257
461.00 0.199787 0.0289163
462.00 0.198012 0.0289069
463.00 0.196257 0.0288976
464.00 0.194521 0.0288883
465.00 0.192804 0.0288792
466.00 0.191106 0.0288701
467.00 0.189427 0.0288611
468.00 0.187767 0.0288521
469.00 0.186124 0.0288433
470.00 0.184500 0.0288345
471.00 0.182894 0.0288257
472.00 0.181305 0.0288171
473.00 0.179734 0.0288085
474.00 0.178179 0.0287999
475.00 0.176642 0.0287915
476.00 0.175121 0.0287831
477.00 0.173616 0.0287747
478.00 0.172128 0.0287664
479.00 0.170656 0.0287582
480.00 0.169199 0.0287501
481.00 0.167758 0.0287420
482.00 0.166333 0.0287340
483.00 0.164922 0.0287260
484.00 0.163527 0.0287181
485.00 0.162147 0.0287102
486.00 0.160781 0.0287024
487.00 0.159429 0.0286947
488.00 0.158092 0.0286870
489.00 0.156769 0.0286794
490.00 0.155460 0.0286719
491.00 0.154164 0.0286644
492.00 0.152882 0.0286569
493.00 0.151614 0.0286495
494.00 0.150358 0.0286422
495.00 0.149116 0.0286349
496.00 0.147887 0.0286276
497.00 0.146670 0.0286205
498.00 0.145466 0.0286133
499.00 0.144274 0.0286063
500.00 0.143094 0.0285992
501.00 0.141927 0.0285923
502.00 0.140771 0.0285853
503.00 0.139627 0.0285784
504.00 0.138495 0.0285716
505.00 0.137375 0.0285648
506.00 0.136266 0.0285581
507.00 0.135168 0.0285514
508.00 0.134081 0.0285448
509.00 0.133005 0.0285382
510.00 0.131940 0.0285317
511.00 0.130885 0.0285252
512.00 0.129841 0.0285187
513.00 0.128808 0.0285123
514.00 0.127785 0.0285059
515.00 0.126772 0.0284996
516.00 0.125769 0.0284934
517.00 0.124776 0.0284871
518.00 0.123793 0.0284809
519.00 0.122820 0.0284748
520.00 0.121856 0.0284687
521.00 0.120902 0.0284626
522.00 0.119957 0.0284566
523.00 0.119021 0.0284506
524.00 0.118095 0.0284447
525.00 0.117177 0.0284388
526.00 0.116269 0.0284330
527.00 0.115369 0.0284271
528.00 0.114478 0.0284214
529.00 0.113596 0.0284156
530.00 0.112722 0.0284099
531.00 0.111856 0.0284043
532.00 0.110999 0.0283986
533.00 0.110151 0.0283931
534.00 0.109310 0.0283875
535.00 0.108477 0.0283820
536.00 0.107652 0.0283765
537.00 0.106836 0.0283711
538.00 0.106026 0.0283657
539.00 0.105225 0.0283603
540.00 0.104431 0.0283550
541.00 0.103645 0.0283497
542.00 0.102866 0.0283444
543.00 0.102094 0.0283392
544.00 0.101330 0.0283340
545.00 0.100573 0.0283288
546.00 0.0998229 0.0283237
547.00 0.0990799 0.0283186
548.00 0.0983437 0.0283136
549.00 0.0976145 0.0283085
550.00 0.0968920 0.0283035
551.00 0.0961762 0.0282986
552.00 0.0954670 0.0282936
553.00 0.0947644 0.0282887
554.00 0.0940683 0.0282839
555.00 0.0933786 0.0282790
556.00 0.0926952 0.0282742
557.00 0.0920181 0.0282694
558.00 0.0913472 0.0282647
559.00 0.0906824 0.0282600
560.00 0.0900236 0.0282553
561.00 0.0893709 0.0282506
562.00 0.0887241 0.0282460
563.00 0.0880831 0.0282414
564.00 0.0874480 0.0282368
565.00 0.0868186 0.0282323
566.00 0.0861949 0.0282278
567.00 0.0855768 0.0282233
568.00 0.0849642 0.0282188
569.00 0.0843571 0.0282144
570.00 0.0837555 0.0282100
571.00 0.0831592 0.0282056
572.00 0.0825683 0.0282013
573.00 0.0819826 0.0281969
574.00 0.0814021 0.0281926
575.00 0.0808268 0.0281884
576.00 0.0802565 0.0281841
577.00 0.0796913 0.0281799
578.00 0.0791311 0.0281757
579.00 0.0785758 0.0281715
580.00 0.0780254 0.0281674
581.00 0.0774799 0.0281633
582.00 0.0769391 0.0281592
583.00 0.0764030 0.0281551
584.00 0.0758716 0.0281511
585.00 0.0753449 0.0281470
586.00 0.0748227 0.0281430
587.00 0.0743051 0.0281391
588.00 0.0737919 0.0281351
589.00 0.0732832 0.0281312
590.00 0.0727788 0.0281273
591.00 0.0722789 0.0281234
592.00 0.0717832 0.0281195
593.00 0.0712918 0.0281157
594.00 0.0708046 0.0281119
595.00 0.0703215 0.0281081
596.00 0.0698426 0.0281043
597.00 0.0693678 0.0281006
598.00 0.0688970 0.0280969
599.00 0.0684302 0.0280932
600.00 0.0679674 0.0280895
601.00 0.0675085 0.0280858
602.00 0.0670535 0.0280822
603.00 0.0666023 0.0280786
604.00 0.0661549 0.0280750
605.00 0.0657113 0.0280714
606.00 0.0652714 0.0280678
607.00 0.0648352 0.0280643
608.00 0.0644026 0.0280608
609.00 0.0639737 0.0280573
610.00 0.0635483 0.0280538
611.00 0.0631265 0.0280503
612.00 0.0627082 0.0280469
613.00 0.0622933 0.0280435
614.00 0.0618819 0.0280401
615.00 0.0614739 0.0280367
616.00 0.0610693 0.0280334
617.00 0.0606680 0.0280300
618.00 0.0602700 0.0280267
619.00 0.0598752 0.0280234
620.00 0.0594837 0.0280201
621.00 0.0590955 0.0280168
622.00 0.0587103 0.0280136
623.00 0.0583284 0.0280103
624.00 0.0579495 0.0280071
625.00 0.0575737 0.0280039
626.00 0.0572010 0.0280008
627.00 0.0568313 0.0279976
628.00 0.0564646 0.0279944
629.00 0.0561008 0.0279913
630.00 0.0557400 0.0279882
631.00 0.0553821 0.0279851
632.00 0.0550270 0.0279820
633.00 0.0546748 0.0279790
634.00 0.0543255 0.0279759
635.00 0.0539789 0.0279729
636.00 0.0536351 0.0279699
637.00 0.0532940 0.0279669
638.00 0.0529557 0.0279639
639.00 0.0526200 0.0279610
640.00 0.0522870 0.0279580
641.00 0.0519567 0.0279551
642.00 0.0516289 0.0279522
643.00 0.0513038 0.0279493
644.00 0.0509812 0.0279464
645.00 0.0506611 0.0279435
646.00 0.0503436 0.0279407
647.00 0.0500285 0.0279378
648.00 0.0497159 0.0279350
649.00 0.0494058 0.0279322
650.00 0.0490981 0.0279294
651.00 0.0487928 0.0279266
652.00 0.0484898 0.0279239
653.00 0.0481893 0.0279211
654.00 0.0478910 0.0279184
655.00 0.0475951 0.0279156
656.00 0.0473014 0.0279129
657.00 0.0470100 0.0279102
658.00 0.0467209 0.0279076
659.00 0.0464340 0.0279049
660.00 0.0461493 0.0279022
661.00 0.0458668 0.0278996
662.00 0.0455864 0.0278970
663.00 0.0453082 0.0278944
664.00 0.0450321 0.0278918
665.00 0.0447581 0.0278892
666.00 0.0444862 0.0278866
667.00 0.0442164 0.0278841
668.00 0.0439486 0.0278815
669.00 0.0436829 0.0278790
670.00 0.0434191 0.0278765
671.00 0.0431574 0.0278740
672.00 0.0428976 0.0278715
673.00 0.0426398 0.0278690
674.00 0.0423839 0.0278665
675.00 0.0421300 0.0278641
676.00 0.0418779 0.0278616
677.00 0.0416278 0.0278592
678.00 0.0413795 0.0278568
679.00 0.0411331 0.0278543
680.00 0.0408885 0.0278520
681.00 0.0406457 0.0278496
682.00 0.0404047 0.0278472
683.00 0.0401655 0.0278448
684.00 0.0399281 0.0278425
685.00 0.0396924 0.0278401
686.00 0.0394585 0.0278378
687.00 0.0392263 0.0278355
688.00 0.0389958 0.0278332
689.00 0.0387671 0.0278309
690.00 0.0385400 0.0278286
691.00 0.0383145 0.0278264
692.00 0.0380907 0.0278241
693.00 0.0378686 0.0278219
694.00 0.0376480 0.0278196
695.00 0.0374291 0.0278174
696.00 0.0372118 0.0278152
697.00 0.0369960 0.0278130
698.00 0.0367818 0.0278108
699.00 0.0365692 0.0278086
700.00 0.0363581 0.0278064
701.00 0.0361485 0.0278043
702.00 0.0359404 0.0278021
703.00 0.0357339 0.0278000
704.00 0.0355288 0.0277978
705.00 0.0353252 0.0277957
706.00 0.0351230 0.0277936
707.00 0.0349223 0.0277915
708.00 0.0347231 0.0277894
709.00 0.0345252 0.0277873
710.00 0.0343288 0.0277853
711.00 0.0341338 0.0277832
712.00 0.0339401 0.0277812
713.00 0.0337478 0.0277791
714.00 0.0335569 0.0277771
715.00 0.0333674 0.0277751
716.00 0.0331792 0.0277730
717.00 0.0329923 0.0277710
718.00 0.0328067 0.0277690
719.00 0.0326224 0.0277671
720.00 0.0324395 0.0277651
721.00 0.0322578 0.0277631
722.00 0.0320774 0.0277612
723.00 0.0318982 0.0277592
724.00 0.0317203 0.0277573
725.00 0.0315437 0.0277553
726.00 0.0313682 0.0277534
727.00 0.0311940 0.0277515
728.00 0.0310210 0.0277496
729.00 0.0308492 0.0277477
730.00 0.0306786 0.0277458
731.00 0.0305092 0.0277439
732.00 0.0303409 0.0277421
733.00 0.0301739 0.0277402
734.00 0.0300079 0.0277384
735.00 0.0298431 0.0277365
736.00 0.0296794 0.0277347
737.00 0.0295169 0.0277329
738.00 0.0293555 0.0277310
739.00 0.0291951 0.0277292
740.00 0.0290359 0.0277274
741.00 0.0288778 0.0277256
742.00 0.0287207 0.0277238
743.00 0.0285647 0.0277221
744.00 0.0284098 0.0277203
745.00 0.0282559 0.0277185
746.00 0.0281030 0.0277168
747.00 0.0279512 0.0277150
748.00 0.0278004 0.0277133
749.00 0.0276507 0.0277116
750.00 0.0275019 0.0277098
751.00 0.0273542 0.0277081
752.00 0.0272074 0.0277064
753.00 0.0270616 0.0277047
754.00 0.0269168 0.0277030
755.00 0.0267730 0.0277013
756.00 0.0266301 0.0276997
757.00 0.0264882 0.0276980
758.00 0.0263473 0.0276963
759.00 0.0262072 0.0276947
760.00 0.0260681 0.0276930
761.00 0.0259299 0.0276914
762.00 0.0257927 0.0276897
763.00 0.0256563 0.0276881
764.00 0.0255209 0.0276865
765.00 0.0253863 0.0276849
766.00 0.0252527 0.0276833
767.00 0.0251199 0.0276817
768.00 0.0249880 0.0276801
769.00 0.0248569 0.0276785
770.00 0.0247267 0.0276769
771.00 0.0245974 0.0276753
772.00 0.0244689 0.0276738
773.00 0.0243413 0.0276722
774.00 0.0242145 0.0276707
775.00 0.0240885 0.0276691
776.00 0.0239633 0.0276676
777.00 0.0238389 0.0276660
778.00 0.0237154 0.0276645
779.00 0.0235926 0.0276630
780.00 0.0234707 0.0276615
781.00 0.0233495 0.0276600
782.00 0.0232292 0.0276585
783.00 0.0231095 0.0276570
784.00 0.0229907 0.0276555
785.00 0.0228726 0.0276540
786.00 0.0227553 0.0276525
787.00 0.0226388 0.0276511
788.00 0.0225230 0.0276496
789.00 0.0224079 0.0276482
790.00 0.0222936 0.0276467
791.00 0.0221800 0.0276453
792.00 0.0220671 0.0276438
793.00 0.0219549 0.0276424
794.00 0.0218435 0.0276410
795.00 0.0217327 0.0276395
796.00 0.0216227 0.0276381
797.00 0.0215133 0.0276367
798.00 0.0214047 0.0276353
799.00 0.0212967 0.0276339
800.00 0.0211894 0.0276325
801.00 0.0210828 0.0276311
802.00 0.0209769 0.0276298
803.00 0.0208716 0.0276284
804.00 0.0207670 0.0276270
805.00 0.0206631 0.0276256
806.00 0.0205597 0.0276243
807.00 0.0204571 0.0276229
808.00 0.0203551 0.0276216
809.00 0.0202537 0.0276203
810.00 0.0201529 0.0276189
811.00 0.0200528 0.0276176
812.00 0.0199533 0.0276163
813.00 0.0198544 0.0276149
814.00 0.0197562 0.0276136
815.00 0.0196585 0.0276123
816.00 0.0195615 0.0276110
817.00 0.0194650 0.0276097
818.00 0.0193691 0.0276084
819.00 0.0192739 0.0276071
820.00 0.0191792 0.0276059
821.00 0.0190851 0.0276046
822.00 0.0189915 0.0276033
823.00 0.0188986 0.0276020
824.00 0.0188062 0.0276008
825.00 0.0187144 0.0275995
826.00 0.0186231 0.0275983
827.00 0.0185324 0.0275970
828.00 0.0184423 0.0275958
829.00 0.0183527 0.0275945
830.00 0.0182636 0.0275933
831.00 0.0181751 0.0275921
832.00 0.0180871 0.0275908
833.00 0.0179997 0.0275896
834.00 0.0179128 0.0275884
835.00 0.0178264 0.0275872
836.00 0.0177405 0.0275860
837.00 0.0176551 0.0275848
838.00 0.0175703 0.0275836
839.00 0.0174860 0.0275824
840.00 0.0174021 0.0275812
841.00 0.0173188 0.0275801
842.00 0.0172360 0.0275789
843.00 0.0171537 0.0275777
844.00 0.0170718 0.0275765
845.00 0.0169905 0.0275754
846.00 0.0169096 0.0275742
847.00 0.0168292 0.0275731
848.00 0.0167493 0.0275719
849.00 0.0166699 0.0275708
850.00 0.0165909 0.0275696
851.00 0.0165125 0.0275685
852.00 0.0164344 0.0275674
853.00 0.0163569 0.0275662
854.00 0.0162798 0.0275651
855.00 0.0162031 0.0275640
856.00 0.0161269 0.0275629
857.00 0.0160511 0.0275618
858.00 0.0159758 0.0275607
859.00 0.0159010 0.0275596
860.00 0.0158265 0.0275585
861.00 0.0157525 0.0275574
862.00 0.0156790 0.0275563
863.00 0.0156059 0.0275552
864.00 0.0155332 0.0275541
865.00 0.0154609 0.0275530
866.00 0.0153890 0.0275520
867.00 0.0153176 0.0275509
868.00 0.0152465 0.0275498
869.00 0.0151759 0.0275488
870.00 0.0151057 0.0275477
871.00 0.0150359 0.0275467
872.00 0.0149665 0.0275456
873.00 0.0148975 0.0275446
874.00 0.0148289 0.0275435
875.00 0.0147607 0.0275425
876.00 0.0146929 0.0275415
877.00 0.0146255 0.0275404
878.00 0.0145585 0.0275394
879.00 0.0144918 0.0275384
880.00 0.0144255 0.0275374
881.00 0.0143597 0.0275363
882.00 0.0142941 0.0275353
883.00 0.0142290 0.0275343
884.00 0.0141642 0.0275333
885.00 0.0140998 0.0275323
886.00 0.0140358 0.0275313
887.00 0.0139721 0.0275303
888.00 0.0139088 0.0275293
889.00 0.0138459 0.0275284
890.00 0.0137833 0.0275274
891.00 0.0137210 0.0275264
892.00 0.0136592 0.0275254
893.00 0.0135976 0.0275245
894.00 0.0135364 0.0275235
895.00 0.0134756 0.0275225
896.00 0.0134151 0.0275216
897.00 0.0133549 0.0275206
898.00 0.0132951 0.0275197
899.00 0.0132356 0.0275187
900.00 0.0131764 0.0275178
901.00 0.0131176 0.0275168
902.00 0.0130591 0.0275159
903.00 0.0130009 0.0275149
904.00 0.0129431 0.0275140
905.00 0.0128855 0.0275131
906.00 0.0128283 0.0275122
907.00 0.0127714 0.0275112
908.00 0.0127149 0.0275103
909.00 0.0126586 0.0275094
910.00 0.0126026 0.0275085
911.00 0.0125470 0.0275076
912.00 0.0124917 0.0275067
913.00 0.0124366 0.0275058
914.00 0.0123819 0.0275049
915.00 0.0123275 0.0275040
916.00 0.0122733 0.0275031
917.00 0.0122195 0.0275022
918.00 0.0121660 0.0275013
919.00 0.0121127 0.0275004
920.00 0.0120598 0.0274995
921.00 0.0120071 0.0274986
922.00 0.0119548 0.0274978
923.00 0.0119027 0.0274969
924.00 0.0118509 0.0274960
925.00 0.0117993 0.0274952
926.00 0.0117481 0.0274943
927.00 0.0116971 0.0274934
928.00 0.0116465 0.0274926
929.00 0.0115960 0.0274917
930.00 0.0115459 0.0274909
931.00 0.0114960 0.0274900
932.00 0.0114464 0.0274892
933.00 0.0113971 0.0274883
934.00 0.0113480 0.0274875
935.00 0.0112992 0.0274867
936.00 0.0112507 0.0274858
937.00 0.0112024 0.0274850
938.00 0.0111544 0.0274842
939.00 0.0111066 0.0274833
940.00 0.0110591 0.0274825
941.00 0.0110119 0.0274817
942.00 0.0109649 0.0274809
943.00 0.0109181 0.0274801
944.00 0.0108716 0.0274793
945.00 0.0108254 0.0274785
946.00 0.0107794 0.0274776
947.00 0.0107336 0.0274768
948.00 0.0106881 0.0274760
949.00 0.0106428 0.0274752
950.00 0.0105978 0.0274744
951.00 0.0105530 0.0274737
952.00 0.0105084 0.0274729
953.00 0.0104641 0.0274721
954.00 0.0104200 0.0274713
955.00 0.0103761 0.0274705
956.00 0.0103325 0.0274697
957.00 0.0102891 0.0274690
958.00 0.0102459 0.0274682
959.00 0.0102030 0.0274674
960.00 0.0101603 0.0274666
961.00 0.0101178 0.0274659
962.00 0.0100755 0.0274651
963.00 0.0100334 0.0274644
964.00 0.00999161 0.0274636
965.00 0.00994999 0.0274628
966.00 0.00990859 0.0274621
967.00 0.00986740 0.0274613
968.00 0.00982643 0.0274606
969.00 0.00978568 0.0274598
970.00 0.00974513 0.0274591
971.00 0.00970479 0.0274584
972.00 0.00966466 0.0274576
973.00 0.00962474 0.0274569
974.00 0.00958503 0.0274562
975.00 0.00954552 0.0274554
976.00 0.00950622 0.0274547
977.00 0.00946711 0.0274540
978.00 0.00942821 0.0274532
979.00 0.00938951 0.0274525
980.00 0.00935100 0.0274518
981.00 0.00931270 0.0274511
982.00 0.00927459 0.0274504
983.00 0.00923667 0.0274497
984.00 0.00919895 0.0274490
985.00 0.00916142 0.0274482
986.00 0.00912408 0.0274475
987.00 0.00908694 0.0274468
988.00 0.00904998 0.0274461
989.00 0.00901321 0.0274454
990.00 0.00897663 0.0274447
991.00 0.00894023 0.0274440
992.00 0.00890402 0.0274434
993.00 0.00886799 0.0274427
994.00 0.00883214 0.0274420
995.00 0.00879647 0.0274413
996.00 0.00876099 0.0274406
997.00 0.00872568 0.0274399
998.00 0.00869055 0.0274393
999.00 0.00865560 0.0274386
1000.0 0.00862082 0.0274379
1001.0 0.00858622 0.0274372
1002.0 0.00855179 0.0274366
1003.0 0.00851754 0.0274359
1004.0 0.00848345 0.0274352
1005.0 0.00844954 0.0274346
1006.0 0.00841579 0.0274339
1007.0 0.00838222 0.0274332
1008.0 0.00834881 0.0274326
1009.0 0.00831557 0.0274319
1010.0 0.00828249 0.0274313
1011.0 0.00824958 0.0274306
1012.0 0.00821683 0.0274300
1013.0 0.00818425 0.0274293
1014.0 0.00815182 0.0274287
1015.0 0.00811956 0.0274280
1016.0 0.00808745 0.0274274
1017.0 0.00805551 0.0274268
1018.0 0.00802372 0.0274261
1019.0 0.00799209 0.0274255
1020.0 0.00796062 0.0274249
1021.0 0.00792930 0.0274242
1022.0 0.00789813 0.0274236
1023.0 0.00786712 0.0274230
1024.0 0.00783626 0.0274223
1025.0 0.00780555 0.0274217
1026.0 0.00777499 0.0274211
1027.0 0.00774458 0.0274205
1028.0 0.00771432 0.0274199
1029.0 0.00768421 0.0274193
1030.0 0.00765424 0.0274186
1031.0 0.00762442 0.0274180
1032.0 0.00759475 0.0274174
1033.0 0.00756522 0.0274168
1034.0 0.00753583 0.0274162
1035.0 0.00750659 0.0274156
1036.0 0.00747749 0.0274150
1037.0 0.00744853 0.0274144
1038.0 0.00741971 0.0274138
1039.0 0.00739103 0.0274132
1040.0 0.00736248 0.0274126
1041.0 0.00733408 0.0274120
1042.0 0.00730581 0.0274114
1043.0 0.00727768 0.0274108
1044.0 0.00724968 0.0274103
1045.0 0.00722182 0.0274097
1046.0 0.00719409 0.0274091
1047.0 0.00716650 0.0274085
1048.0 0.00713904 0.0274079
1049.0 0.00711171 0.0274073
1050.0 0.00708451 0.0274068
1051.0 0.00705744 0.0274062
1052.0 0.00703050 0.0274056
1053.0 0.00700369 0.0274050
1054.0 0.00697700 0.0274045
1055.0 0.00695045 0.0274039
1056.0 0.00692402 0.0274033
1057.0 0.00689771 0.0274028
1058.0 0.00687153 0.0274022
1059.0 0.00684547 0.0274017
1060.0 0.00681954 0.0274011
1061.0 0.00679373 0.0274005
1062.0 0.00676805 0.0274000
1063.0 0.00674248 0.0273994
1064.0 0.00671704 0.0273989
1065.0 0.00669171 0.0273983
1066.0 0.00666650 0.0273978
1067.0 0.00664142 0.0273972
1068.0 0.00661645 0.0273967
1069.0 0.00659160 0.0273961
1070.0 0.00656686 0.0273956
1071.0 0.00654224 0.0273950
1072.0 0.00651774 0.0273945
1073.0 0.00649335 0.0273940
1074.0 0.00646908 0.0273934
1075.0 0.00644492 0.0273929
1076.0 0.00642087 0.0273924
1077.0 0.00639693 0.0273918
1078.0 0.00637311 0.0273913
1079.0 0.00634939 0.0273908
1080.0 0.00632579 0.0273902
1081.0 0.00630230 0.0273897
1082.0 0.00627891 0.0273892
1083.0 0.00625563 0.0273887
1084.0 0.00623247 0.0273881
1085.0 0.00620940 0.0273876
1086.0 0.00618645 0.0273871
1087.0 0.00616360 0.0273866
1088.0 0.00614086 0.0273861
1089.0 0.00611822 0.0273856
1090.0 0.00609569 0.0273851
1091.0 0.00607326 0.0273845
1092.0 0.00605093 0.0273840
1093.0 0.00602871 0.0273835
1094.0 0.00600659 0.0273830
1095.0 0.00598456 0.0273825
1096.0 0.00596265 0.0273820
1097.0 0.00594083 0.0273815
1098.0 0.00591911 0.0273810
1099.0 0.00589749 0.0273805
1100.0 0.00587596 0.0273800
1101.0 0.00585454 0.0273795
1102.0 0.00583322 0.0273790
1103.0 0.00581199 0.0273785
1104.0 0.00579086 0.0273780
1105.0 0.00576982 0.0273775
1106.0 0.00574888 0.0273771
1107.0 0.00572803 0.0273766
1108.0 0.00570728 0.0273761
1109.0 0.00568663 0.0273756
1110.0 0.00566606 0.0273751
1111.0 0.00564559 0.0273746
1112.0 0.00562521 0.0273742
1113.0 0.00560493 0.0273737
1114.0 0.00558473 0.0273732
1115.0 0.00556463 0.0273727
1116.0 0.00554462 0.0273722
1117.0 0.00552469 0.0273718
1118.0 0.00550486 0.0273713
1119.0 0.00548511 0.0273708
1120.0 0.00546546 0.0273704
1121.0 0.00544589 0.0273699
1122.0 0.00542641 0.0273694
1123.0 0.00540702 0.0273690
1124.0 0.00538771 0.0273685
1125.0 0.00536849 0.0273680
1126.0 0.00534935 0.0273676
1127.0 0.00533030 0.0273671
1128.0 0.00531134 0.0273666
1129.0 0.00529246 0.0273662
1130.0 0.00527366 0.0273657
1131.0 0.00525495 0.0273653
1132.0 0.00523632 0.0273648
1133.0 0.00521777 0.0273644
1134.0 0.00519931 0.0273639
1135.0 0.00518092 0.0273635
1136.0 0.00516262 0.0273630
1137.0 0.00514440 0.0273626
1138.0 0.00512626 0.0273621
1139.0 0.00510820 0.0273617
1140.0 0.00509021 0.0273612
1141.0 0.00507231 0.0273608
1142.0 0.00505449 0.0273603
1143.0 0.00503674 0.0273599
1144.0 0.00501907 0.0273595
1145.0 0.00500148 0.0273590
1146.0 0.00498397 0.0273586
1147.0 0.00496653 0.0273582
1148.0 0.00494917 0.0273577
1149.0 0.00493189 0.0273573
1150.0 0.00491468 0.0273569
1151.0 0.00489755 0.0273564
1152.0 0.00488049 0.0273560
1153.0 0.00486350 0.0273556
1154.0 0.00484659 0.0273551
1155.0 0.00482975 0.0273547
1156.0 0.00481299 0.0273543
1157.0 0.00479630 0.0273539
1158.0 0.00477968 0.0273534
1159.0 0.00476313 0.0273530
1160.0 0.00474665 0.0273526
1161.0 0.00473025 0.0273522
1162.0 0.00471392 0.0273518
1163.0 0.00469765 0.0273513
1164.0 0.00468146 0.0273509
1165.0 0.00466534 0.0273505
1166.0 0.00464928 0.0273501
1167.0 0.00463330 0.0273497
1168.0 0.00461738 0.0273493
1169.0 0.00460153 0.0273489
1170.0 0.00458575 0.0273485
1171.0 0.00457004 0.0273480
1172.0 0.00455440 0.0273476
1173.0 0.00453882 0.0273472
1174.0 0.00452331 0.0273468
1175.0 0.00450786 0.0273464
1176.0 0.00449248 0.0273460
1177.0 0.00447717 0.0273456
1178.0 0.00446192 0.0273452
1179.0 0.00444674 0.0273448
1180.0 0.00443162 0.0273444
1181.0 0.00441657 0.0273440
1182.0 0.00440158 0.0273436
1183.0 0.00438665 0.0273432
1184.0 0.00437179 0.0273428
1185.0 0.00435698 0.0273424
1186.0 0.00434225 0.0273421
1187.0 0.00432757 0.0273417
1188.0 0.00431296 0.0273413
1189.0 0.00429840 0.0273409
1190.0 0.00428391 0.0273405
1191.0 0.00426948 0.0273401
1192.0 0.00425512 0.0273397
1193.0 0.00424081 0.0273393
1194.0 0.00422656 0.0273390
1195.0 0.00421237 0.0273386
1196.0 0.00419824 0.0273382
1197.0 0.00418417 0.0273378
1198.0 0.00417016 0.0273374
1199.0 0.00415621 0.0273370
1200.0 0.00414232 0.0273367
1201.0 0.00412848 0.0273363
1202.0 0.00411470 0.0273359
1203.0 0.00410098 0.0273355
1204.0 0.00408732 0.0273352
1205.0 0.00407371 0.0273348
1206.0 0.00406016 0.0273344
1207.0 0.00404667 0.0273341
1208.0 0.00403323 0.0273337
1209.0 0.00401985 0.0273333
1210.0 0.00400652 0.0273329
1211.0 0.00399325 0.0273326
1212.0 0.00398004 0.0273322
1213.0 0.00396688 0.0273318
1214.0 0.00395377 0.0273315
1215.0 0.00394072 0.0273311
1216.0 0.00392772 0.0273308
1217.0 0.00391477 0.0273304
1218.0 0.00390188 0.0273300
1219.0 0.00388904 0.0273297
1220.0 0.00387625 0.0273293
1221.0 0.00386352 0.0273290
1222.0 0.00385084 0.0273286
1223.0 0.00383821 0.0273282
1224.0 0.00382563 0.0273279
1225.0 0.00381311 0.0273275
1226.0 0.00380063 0.0273272
1227.0 0.00378821 0.0273268
1228.0 0.00377584 0.0273265
1229.0 0.00376351 0.0273261
1230.0 0.00375124 0.0273258
1231.0 0.00373902 0.0273254
1232.0 0.00372685 0.0273251
1233.0 0.00371472 0.0273247
1234.0 0.00370265 0.0273244
1235.0 0.00369063 0.0273240
1236.0 0.00367865 0.0273237
1237.0 0.00366672 0.0273234
1238.0 0.00365485 0.0273230
1239.0 0.00364302 0.0273227
1240.0 0.00363123 0.0273223
1241.0 0.00361950 0.0273220
1242.0 0.00360781 0.0273216
1243.0 0.00359617 0.0273213
1244.0 0.00358458 0.0273210
1245.0 0.00357303 0.0273206
1246.0 0.00356153 0.0273203
1247.0 0.00355007 0.0273200
1248.0 0.00353867 0.0273196
1249.0 0.00352730 0.0273193
1250.0 0.00351599 0.0273190
1251.0 0.00350472 0.0273186
1252.0 0.00349349 0.0273183
1253.0 0.00348231 0.0273180
1254.0 0.00347117 0.0273176
1255.0 0.00346008 0.0273173
1256.0 0.00344903 0.0273170
1257.0 0.00343803 0.0273167
1258.0 0.00342707 0.0273163
1259.0 0.00341615 0.0273160
1260.0 0.00340528 0.0273157
1261.0 0.00339445 0.0273154
1262.0 0.00338367 0.0273150
1263.0 0.00337292 0.0273147
1264.0 0.00336222 0.0273144
1265.0 0.00335156 0.0273141
1266.0 0.00334095 0.0273138
1267.0 0.00333037 0.0273134
1268.0 0.00331984 0.0273131
1269.0 0.00330935 0.0273128
1270.0 0.00329890 0.0273125
1271.0 0.00328849 0.0273122
1272.0 0.00327813 0.0273119
1273.0 0.00326780 0.0273115
1274.0 0.00325752 0.0273112
1275.0 0.00324727 0.0273109
1276.0 0.00323707 0.0273106
1277.0 0.00322690 0.0273103
1278.0 0.00321678 0.0273100
1279.0 0.00320669 0.0273097
1280.0 0.00319665 0.0273094
1281.0 0.00318664 0.0273091
1282.0 0.00317667 0.0273087
1283.0 0.00316675 0.0273084
1284.0 0.00315686 0.0273081
1285.0 0.00314701 0.0273078
1286.0 0.00313719 0.0273075
1287.0 0.00312742 0.0273072
1288.0 0.00311768 0.0273069
1289.0 0.00310799 0.0273066
1290.0 0.00309833 0.0273063
1291.0 0.00308870 0.0273060
1292.0 0.00307912 0.0273057
1293.0 0.00306957 0.0273054
1294.0 0.00306006 0.0273051
1295.0 0.00305058 0.0273048
1296.0 0.00304115 0.0273045
1297.0 0.00303175 0.0273042
1298.0 0.00302238 0.0273039
1299.0 0.00301305 0.0273036
1300.0 0.00300376 0.0273033
1301.0 0.00299450 0.0273031
1302.0 0.00298528 0.0273028
1303.0 0.00297610 0.0273025
1304.0 0.00296695 0.0273022
1305.0 0.00295783 0.0273019
1306.0 0.00294875 0.0273016
1307.0 0.00293970 0.0273013
1308.0 0.00293069 0.0273010
1309.0 0.00292172 0.0273007
1310.0 0.00291278 0.0273004
1311.0 0.00290387 0.0273002
1312.0 0.00289499 0.0272999
1313.0 0.00288615 0.0272996
1314.0 0.00287735 0.0272993
1315.0 0.00286858 0.0272990
1316.0 0.00285984 0.0272987
1317.0 0.00285113 0.0272985
1318.0 0.00284246 0.0272982
1319.0 0.00283382 0.0272979
1320.0 0.00282521 0.0272976
1321.0 0.00281664 0.0272973
1322.0 0.00280810 0.0272970
1323.0 0.00279959 0.0272968
1324.0 0.00279111 0.0272965
1325.0 0.00278267 0.0272962
1326.0 0.00277425 0.0272959
1327.0 0.00276587 0.0272957
1328.0 0.00275752 0.0272954
1329.0 0.00274920 0.0272951
1330.0 0.00274092 0.0272948
1331.0 0.00273266 0.0272946
1332.0 0.00272444 0.0272943
1333.0 0.00271625 0.0272940
1334.0 0.00270808 0.0272938
1335.0 0.00269995 0.0272935
1336.0 0.00269185 0.0272932
1337.0 0.00268378 0.0272929
1338.0 0.00267574 0.0272927
1339.0 0.00266773 0.0272924
1340.0 0.00265975 0.0272921
1341.0 0.00265180 0.0272919
1342.0 0.00264387 0.0272916
1343.0 0.00263598 0.0272913
1344.0 0.00262812 0.0272911
1345.0 0.00262029 0.0272908
1346.0 0.00261248 0.0272905
1347.0 0.00260471 0.0272903
1348.0 0.00259696 0.0272900
1349.0 0.00258925 0.0272898
1350.0 0.00258156 0.0272895
1351.0 0.00257390 0.0272892
1352.0 0.00256627 0.0272890
1353.0 0.00255866 0.0272887
1354.0 0.00255109 0.0272885
1355.0 0.00254354 0.0272882
1356.0 0.00253602 0.0272879
1357.0 0.00252853 0.0272877
1358.0 0.00252107 0.0272874
1359.0 0.00251363 0.0272872
1360.0 0.00250622 0.0272869
1361.0 0.00249884 0.0272867
1362.0 0.00249149 0.0272864
1363.0 0.00248416 0.0272862
1364.0 0.00247686 0.0272859
1365.0 0.00246959 0.0272856
1366.0 0.00246234 0.0272854
1367.0 0.00245512 0.0272851
1368.0 0.00244793 0.0272849
1369.0 0.00244076 0.0272846
1370.0 0.00243362 0.0272844
1371.0 0.00242651 0.0272841
1372.0 0.00241942 0.0272839
1373.0 0.00241235 0.0272836
1374.0 0.00240532 0.0272834
1375.0 0.00239831 0.0272832
1376.0 0.00239132 0.0272829
1377.0 0.00238436 0.0272827
1378.0 0.00237742 0.0272824
1379.0 0.00237051 0.0272822
1380.0 0.00236363 0.0272819
1381.0 0.00235677 0.0272817
1382.0 0.00234993 0.0272814
1383.0 0.00234312 0.0272812
1384.0 0.00233634 0.0272810
1385.0 0.00232958 0.0272807
1386.0 0.00232284 0.0272805
1387.0 0.00231613 0.0272802
1388.0 0.00230944 0.0272800
1389.0 0.00230278 0.0272798
1390.0 0.00229614 0.0272795
1391.0 0.00228952 0.0272793
1392.0 0.00228293 0.0272790
1393.0 0.00227636 0.0272788
1394.0 0.00226982 0.0272786
1395.0 0.00226329 0.0272783
1396.0 0.00225680 0.0272781
1397.0 0.00225032 0.0272779
1398.0 0.00224387 0.0272776
1399.0 0.00223744 0.0272774
1400.0 0.00223104 0.0272772
1401.0 0.00222466 0.0272769
1402.0 0.00221830 0.0272767
1403.0 0.00221196 0.0272765
1404.0 0.00220565 0.0272762
1405.0 0.00219935 0.0272760
1406.0 0.00219308 0.0272758
1407.0 0.00218684 0.0272755
1408.0 0.00218061 0.0272753
1409.0 0.00217441 0.0272751
1410.0 0.00216823 0.0272749
1411.0 0.00216207 0.0272746
1412.0 0.00215594 0.0272744
1413.0 0.00214982 0.0272742
1414.0 0.00214373 0.0272739
1415.0 0.00213766 0.0272737
1416.0 0.00213161 0.0272735
1417.0 0.00212558 0.0272733
1418.0 0.00211957 0.0272730
1419.0 0.00211358 0.0272728
1420.0 0.00210762 0.0272726
1421.0 0.00210168 0.0272724
1422.0 0.00209575 0.0272721
1423.0 0.00208985 0.0272719
1424.0 0.00208397 0.0272717
1425.0 0.00207811 0.0272715
1426.0 0.00207227 0.0272713
1427.0 0.00206645 0.0272710
1428.0 0.00206065 0.0272708
1429.0 0.00205487 0.0272706
1430.0 0.00204911 0.0272704
1431.0 0.00204337 0.0272702
1432.0 0.00203766 0.0272700
1433.0 0.00203196 0.0272697
1434.0 0.00202628 0.0272695
1435.0 0.00202062 0.0272693
1436.0 0.00201498 0.0272691
1437.0 0.00200936 0.0272689
1438.0 0.00200376 0.0272687
1439.0 0.00199818 0.0272684
1440.0 0.00199262 0.0272682
1441.0 0.00198708 0.0272680
1442.0 0.00198156 0.0272678
1443.0 0.00197606 0.0272676
1444.0 0.00197057 0.0272674
1445.0 0.00196511 0.0272672
1446.0 0.00195966 0.0272670
1447.0 0.00195424 0.0272667
1448.0 0.00194883 0.0272665
1449.0 0.00194344 0.0272663
1450.0 0.00193807 0.0272661
1451.0 0.00193272 0.0272659
1452.0 0.00192738 0.0272657
1453.0 0.00192207 0.0272655
1454.0 0.00191677 0.0272653
1455.0 0.00191149 0.0272651
1456.0 0.00190623 0.0272649
1457.0 0.00190099 0.0272647
1458.0 0.00189576 0.0272645
1459.0 0.00189056 0.0272643
1460.0 0.00188537 0.0272640
1461.0 0.00188020 0.0272638
1462.0 0.00187505 0.0272636
1463.0 0.00186991 0.0272634
1464.0 0.00186479 0.0272632
1465.0 0.00185969 0.0272630
1466.0 0.00185461 0.0272628
1467.0 0.00184954 0.0272626
1468.0 0.00184449 0.0272624
1469.0 0.00183946 0.0272622
1470.0 0.00183445 0.0272620
1471.0 0.00182945 0.0272618
1472.0 0.00182447 0.0272616
1473.0 0.00181951 0.0272614
1474.0 0.00181456 0.0272612
1475.0 0.00180963 0.0272610
1476.0 0.00180472 0.0272608
1477.0 0.00179983 0.0272606
1478.0 0.00179495 0.0272604
1479.0 0.00179008 0.0272602
1480.0 0.00178524 0.0272600
1481.0 0.00178041 0.0272598
1482.0 0.00177559 0.0272596
1483.0 0.00177080 0.0272595
1484.0 0.00176602 0.0272593
1485.0 0.00176125 0.0272591
1486.0 0.00175650 0.0272589
1487.0 0.00175177 0.0272587
1488.0 0.00174705 0.0272585
1489.0 0.00174235 0.0272583
1490.0 0.00173767 0.0272581
1491.0 0.00173300 0.0272579
1492.0 0.00172834 0.0272577
1493.0 0.00172371 0.0272575
1494.0 0.00171908 0.0272573
1495.0 0.00171448 0.0272571
1496.0 0.00170988 0.0272569
1497.0 0.00170531 0.0272568
1498.0 0.00170075 0.0272566
1499.0 0.00169620 0.0272564
1500.0 0.00169167 0.0272562
1501.0 0.00168716 0.0272560
1502.0 0.00168266 0.0272558
1503.0 0.00167817 0.0272556
1504.0 0.00167370 0.0272554
1505.0 0.00166924 0.0272553
1506.0 0.00166480 0.0272551
1507.0 0.00166038 0.0272549
1508.0 0.00165597 0.0272547
1509.0 0.00165157 0.0272545
1510.0 0.00164719 0.0272543
1511.0 0.00164282 0.0272541
1512.0 0.00163847 0.0272540
1513.0 0.00163413 0.0272538
1514.0 0.00162980 0.0272536
1515.0 0.00162549 0.0272534
1516.0 0.00162120 0.0272532
1517.0 0.00161692 0.0272530
1518.0 0.00161265 0.0272529
1519.0 0.00160840 0.0272527
1520.0 0.00160416 0.0272525
1521.0 0.00159993 0.0272523
1522.0 0.00159572 0.0272521
1523.0 0.00159152 0.0272520
1524.0 0.00158734 0.0272518
1525.0 0.00158317 0.0272516
1526.0 0.00157901 0.0272514
1527.0 0.00157487 0.0272512
1528.0 0.00157074 0.0272511
1529.0 0.00156663 0.0272509
1530.0 0.00156252 0.0272507
1531.0 0.00155843 0.0272505
1532.0 0.00155436 0.0272504
1533.0 0.00155030 0.0272502
1534.0 0.00154625 0.0272500
1535.0 0.00154221 0.0272498
1536.0 0.00153819 0.0272497
1537.0 0.00153418 0.0272495
1538.0 0.00153019 0.0272493
1539.0 0.00152620 0.0272491
1540.0 0.00152223 0.0272490
1541.0 0.00151828 0.0272488
1542.0 0.00151433 0.0272486
1543.0 0.00151040 0.0272484
1544.0 0.00150648 0.0272483
1545.0 0.00150257 0.0272481
1546.0 0.00149868 0.0272479
1547.0 0.00149480 0.0272478
1548.0 0.00149093 0.0272476
1549.0 0.00148708 0.0272474
1550.0 0.00148323 0.0272472
1551.0 0.00147940 0.0272471
1552.0 0.00147558 0.0272469
1553.0 0.00147178 0.0272467
1554.0 0.00146798 0.0272466
1555.0 0.00146420 0.0272464
1556.0 0.00146043 0.0272462
1557.0 0.00145667 0.0272461
1558.0 0.00145293 0.0272459
1559.0 0.00144920 0.0272457
1560.0 0.00144547 0.0272456
1561.0 0.00144176 0.0272454
1562.0 0.00143807 0.0272452
1563.0 0.00143438 0.0272451
1564.0 0.00143071 0.0272449
1565.0 0.00142705 0.0272447
1566.0 0.00142340 0.0272446
1567.0 0.00141976 0.0272444
1568.0 0.00141613 0.0272442
1569.0 0.00141251 0.0272441
1570.0 0.00140891 0.0272439
1571.0 0.00140532 0.0272437
1572.0 0.00140174 0.0272436
1573.0 0.00139817 0.0272434
1574.0 0.00139461 0.0272433
1575.0 0.00139106 0.0272431
1576.0 0.00138753 0.0272429
1577.0 0.00138400 0.0272428
1578.0 0.00138049 0.0272426
1579.0 0.00137699 0.0272425
1580.0 0.00137350 0.0272423
1581.0 0.00137002 0.0272421
1582.0 0.00136655 0.0272420
1583.0 0.00136309 0.0272418
1584.0 0.00135964 0.0272417
1585.0 0.00135621 0.0272415
1586.0 0.00135278 0.0272413
1587.0 0.00134937 0.0272412
1588.0 0.00134596 0.0272410
1589.0 0.00134257 0.0272409
1590.0 0.00133919 0.0272407
1591.0 0.00133582 0.0272405
1592.0 0.00133245 0.0272404
1593.0 0.00132910 0.0272402
1594.0 0.00132576 0.0272401
1595.0 0.00132244 0.0272399
1596.0 0.00131912 0.0272398
1597.0 0.00131581 0.0272396
1598.0 0.00131251 0.0272395
1599.0 0.00130922 0.0272393
1600.0 0.00130594 0.0272391
1601.0 0.00130268 0.0272390
1602.0 0.00129942 0.0272388
1603.0 0.00129617 0.0272387
1604.0 0.00129294 0.0272385
1605.0 0.00128971 0.0272384
1606.0 0.00128649 0.0272382
1607.0 0.00128329 0.0272381
1608.0 0.00128009 0.0272379
1609.0 0.00127690 0.0272378
1610.0 0.00127373 0.0272376
1611.0 0.00127056 0.0272375
1612.0 0.00126740 0.0272373
1613.0 0.00126426 0.0272372
1614.0 0.00126112 0.0272370
1615.0 0.00125799 0.0272369
1616.0 0.00125487 0.0272367
1617.0 0.00125176 0.0272366
1618.0 0.00124867 0.0272364
1619.0 0.00124558 0.0272363
1620.0 0.00124250 0.0272361
1621.0 0.00123943 0.0272360
1622.0 0.00123637 0.0272358
1623.0 0.00123331 0.0272357
1624.0 0.00123027 0.0272355
1625.0 0.00122724 0.0272354
1626.0 0.00122422 0.0272352
1627.0 0.00122120 0.0272351
1628.0 0.00121820 0.0272349
1629.0 0.00121520 0.0272348
1630.0 0.00121222 0.0272346
1631.0 0.00120924 0.0272345
1632.0 0.00120627 0.0272344
1633.0 0.00120332 0.0272342
1634.0 0.00120037 0.0272341
1635.0 0.00119743 0.0272339
1636.0 0.00119449 0.0272338
1637.0 0.00119157 0.0272336
1638.0 0.00118866 0.0272335
1639.0 0.00118575 0.0272334
1640.0 0.00118286 0.0272332
1641.0 0.00117997 0.0272331
1642.0 0.00117709 0.0272329
1643.0 0.00117422 0.0272328
1644.0 0.00117136 0.0272326
1645.0 0.00116851 0.0272325
1646.0 0.00116567 0.0272324
1647.0 0.00116283 0.0272322
1648.0 0.00116001 0.0272321
1649.0 0.00115719 0.0272319
1650.0 0.00115438 0.0272318
1651.0 0.00115158 0.0272317
1652.0 0.00114879 0.0272315
1653.0 0.00114601 0.0272314
1654.0 0.00114323 0.0272312
1655.0 0.00114046 0.0272311
1656.0 0.00113771 0.0272310
1657.0 0.00113496 0.0272308
1658.0 0.00113221 0.0272307
1659.0 0.00112948 0.0272305
1660.0 0.00112676 0.0272304
1661.0 0.00112404 0.0272303
1662.0 0.00112133 0.0272301
1663.0 0.00111863 0.0272300
1664.0 0.00111594 0.0272299
1665.0 0.00111325 0.0272297
1666.0 0.00111058 0.0272296
1667.0 0.00110791 0.0272294
1668.0 0.00110525 0.0272293
1669.0 0.00110260 0.0272292
1670.0 0.00109995 0.0272290
1671.0 0.00109732 0.0272289
1672.0 0.00109469 0.0272288
1673.0 0.00109207 0.0272286
1674.0 0.00108946 0.0272285
1675.0 0.00108685 0.0272284
1676.0 0.00108425 0.0272282
1677.0 0.00108166 0.0272281
1678.0 0.00107908 0.0272280
1679.0 0.00107651 0.0272278
1680.0 0.00107394 0.0272277
1681.0 0.00107138 0.0272276
1682.0 0.00106883 0.0272274
1683.0 0.00106629 0.0272273
1684.0 0.00106375 0.0272272
1685.0 0.00106123 0.0272270
1686.0 0.00105870 0.0272269
1687.0 0.00105619 0.0272268
1688.0 0.00105369 0.0272266
1689.0 0.00105119 0.0272265
1690.0 0.00104870 0.0272264
1691.0 0.00104621 0.0272263
1692.0 0.00104374 0.0272261
1693.0 0.00104127 0.0272260
1694.0 0.00103881 0.0272259
1695.0 0.00103635 0.0272257
1696.0 0.00103390 0.0272256
1697.0 0.00103147 0.0272255
1698.0 0.00102903 0.0272253
1699.0 0.00102661 0.0272252
1700.0 0.00102419 0.0272251
1701.0 0.00102178 0.0272250
1702.0 0.00101937 0.0272248
1703.0 0.00101698 0.0272247
1704.0 0.00101459 0.0272246
1705.0 0.00101220 0.0272245
1706.0 0.00100983 0.0272243
1707.0 0.00100746 0.0272242
1708.0 0.00100510 0.0272241
1709.0 0.00100274 0.0272239
1710.0 0.00100039 0.0272238
1711.0 0.000998051 0.0272237
1712.0 0.000995717 0.0272236
1713.0 0.000993389 0.0272234
1714.0 0.000991068 0.0272233
1715.0 0.000988754 0.0272232
1716.0 0.000986446 0.0272231
1717.0 0.000984146 0.0272229
1718.0 0.000981852 0.0272228
1719.0 0.000979565 0.0272227
1720.0 0.000977284 0.0272226
1721.0 0.000975010 0.0272225
1722.0 0.000972743 0.0272223
1723.0 0.000970482 0.0272222
1724.0 0.000968228 0.0272221
1725.0 0.000965980 0.0272220
1726.0 0.000963739 0.0272218
1727.0 0.000961504 0.0272217
1728.0 0.000959276 0.0272216
1729.0 0.000957054 0.0272215
1730.0 0.000954839 0.0272214
1731.0 0.000952630 0.0272212
1732.0 0.000950428 0.0272211
1733.0 0.000948232 0.0272210
1734.0 0.000946042 0.0272209
1735.0 0.000943858 0.0272208
1736.0 0.000941681 0.0272206
1737.0 0.000939510 0.0272205
1738.0 0.000937346 0.0272204
1739.0 0.000935187 0.0272203
1740.0 0.000933035 0.0272202
1741.0 0.000930889 0.0272200
1742.0 0.000928749 0.0272199
1743.0 0.000926616 0.0272198
1744.0 0.000924488 0.0272197
1745.0 0.000922367 0.0272196
1746.0 0.000920251 0.0272194
1747.0 0.000918142 0.0272193
1748.0 0.000916039 0.0272192
1749.0 0.000913941 0.0272191
1750.0 0.000911850 0.0272190
1751.0 0.000909765 0.0272189
1752.0 0.000907686 0.0272187
1753.0 0.000905612 0.0272186
1754.0 0.000903545 0.0272185
1755.0 0.000901483 0.0272184
1756.0 0.000899428 0.0272183
1757.0 0.000897378 0.0272182
1758.0 0.000895334 0.0272180
1759.0 0.000893296 0.0272179
1760.0 0.000891263 0.0272178
1761.0 0.000889237 0.0272177
1762.0 0.000887216 0.0272176
1763.0 0.000885201 0.0272175
1764.0 0.000883191 0.0272174
1765.0 0.000881188 0.0272172
1766.0 0.000879190 0.0272171
1767.0 0.000877197 0.0272170
1768.0 0.000875211 0.0272169
1769.0 0.000873230 0.0272168
1770.0 0.000871254 0.0272167
1771.0 0.000869284 0.0272166
1772.0 0.000867320 0.0272164
1773.0 0.000865361 0.0272163
1774.0 0.000863408 0.0272162
1775.0 0.000861461 0.0272161
1776.0 0.000859518 0.0272160
1777.0 0.000857582 0.0272159
1778.0 0.000855650 0.0272158
1779.0 0.000853724 0.0272157
1780.0 0.000851804 0.0272156
1781.0 0.000849889 0.0272154
1782.0 0.000847979 0.0272153
1783.0 0.000846075 0.0272152
1784.0 0.000844176 0.0272151
1785.0 0.000842282 0.0272150
1786.0 0.000840394 0.0272149
1787.0 0.000838511 0.0272148
1788.0 0.000836633 0.0272147
1789.0 0.000834761 0.0272146
1790.0 0.000832894 0.0272144
1791.0 0.000831032 0.0272143
1792.0 0.000829175 0.0272142
1793.0 0.000827323 0.0272141
1794.0 0.000825477 0.0272140
1795.0 0.000823635 0.0272139
1796.0 0.000821799 0.0272138
1797.0 0.000819968 0.0272137
1798.0 0.000818142 0.0272136
1799.0 0.000816321 0.0272135
1800.0 0.000814505 0.0272134
1801.0 0.000812694 0.0272133
1802.0 0.000810889 0.0272132
1803.0 0.000809088 0.0272130
1804.0 0.000807292 0.0272129
1805.0 0.000805501 0.0272128
1806.0 0.000803716 0.0272127
1807.0 0.000801935 0.0272126
1808.0 0.000800159 0.0272125
1809.0 0.000798388 0.0272124
1810.0 0.000796622 0.0272123
1811.0 0.000794861 0.0272122
1812.0 0.000793104 0.0272121
1813.0 0.000791353 0.0272120
1814.0 0.000789606 0.0272119
1815.0 0.000787864 0.0272118
1816.0 0.000786127 0.0272117
1817.0 0.000784395 0.0272116
1818.0 0.000782667 0.0272115
1819.0 0.000780945 0.0272114
1820.0 0.000779227 0.0272113
1821.0 0.000777513 0.0272112
1822.0 0.000775805 0.0272110
1823.0 0.000774101 0.0272109
1824.0 0.000772402 0.0272108
1825.0 0.000770707 0.0272107
1826.0 0.000769017 0.0272106
1827.0 0.000767332 0.0272105
1828.0 0.000765651 0.0272104
1829.0 0.000763975 0.0272103
1830.0 0.000762304 0.0272102
1831.0 0.000760637 0.0272101
1832.0 0.000758975 0.0272100
1833.0 0.000757317 0.0272099
1834.0 0.000755664 0.0272098
1835.0 0.000754015 0.0272097
1836.0 0.000752371 0.0272096
1837.0 0.000750731 0.0272095
1838.0 0.000749095 0.0272094
1839.0 0.000747465 0.0272093
1840.0 0.000745838 0.0272092
1841.0 0.000744216 0.0272091
1842.0 0.000742599 0.0272090
1843.0 0.000740985 0.0272089
1844.0 0.000739377 0.0272088
1845.0 0.000737772 0.0272087
1846.0 0.000736172 0.0272086
1847.0 0.000734576 0.0272085
1848.0 0.000732985 0.0272084
1849.0 0.000731398 0.0272083
1850.0 0.000729815 0.0272082
1851.0 0.000728236 0.0272081
1852.0 0.000726662 0.0272080
1853.0 0.000725092 0.0272079
1854.0 0.000723526 0.0272078
1855.0 0.000721964 0.0272077
1856.0 0.000720407 0.0272076
1857.0 0.000718854 0.0272075
1858.0 0.000717305 0.0272074
1859.0 0.000715760 0.0272073
1860.0 0.000714220 0.0272072
1861.0 0.000712683 0.0272071
1862.0 0.000711151 0.0272070
1863.0 0.000709622 0.0272069
1864.0 0.000708098 0.0272069
1865.0 0.000706578 0.0272068
1866.0 0.000705062 0.0272067
1867.0 0.000703550 0.0272066
1868.0 0.000702042 0.0272065
1869.0 0.000700539 0.0272064
1870.0 0.000699039 0.0272063
1871.0 0.000697543 0.0272062
1872.0 0.000696051 0.0272061
1873.0 0.000694563 0.0272060
1874.0 0.000693080 0.0272059
1875.0 0.000691600 0.0272058
1876.0 0.000690124 0.0272057
1877.0 0.000688652 0.0272056
1878.0 0.000687184 0.0272055
1879.0 0.000685720 0.0272054
1880.0 0.000684259 0.0272053
1881.0 0.000682803 0.0272052
1882.0 0.000681351 0.0272051
1883.0 0.000679902 0.0272050
1884.0 0.000678457 0.0272050
1885.0 0.000677016 0.0272049
1886.0 0.000675579 0.0272048
1887.0 0.000674146 0.0272047
1888.0 0.000672716 0.0272046
1889.0 0.000671291 0.0272045
1890.0 0.000669869 0.0272044
1891.0 0.000668450 0.0272043
1892.0 0.000667036 0.0272042
1893.0 0.000665625 0.0272041
1894.0 0.000664218 0.0272040
1895.0 0.000662815 0.0272039
1896.0 0.000661416 0.0272038
1897.0 0.000660020 0.0272038
1898.0 0.000658628 0.0272037
1899.0 0.000657239 0.0272036
1900.0 0.000655854 0.0272035
1901.0 0.000654473 0.0272034
1902.0 0.000653096 0.0272033
1903.0 0.000651722 0.0272032
1904.0 0.000650351 0.0272031
1905.0 0.000648985 0.0272030
1906.0 0.000647622 0.0272029
1907.0 0.000646262 0.0272028
1908.0 0.000644906 0.0272028
1909.0 0.000643554 0.0272027
1910.0 0.000642205 0.0272026
1911.0 0.000640859 0.0272025
1912.0 0.000639518 0.0272024
1913.0 0.000638179 0.0272023
1914.0 0.000636844 0.0272022
1915.0 0.000635513 0.0272021
1916.0 0.000634185 0.0272020
1917.0 0.000632861 0.0272020
1918.0 0.000631540 0.0272019
1919.0 0.000630223 0.0272018
1920.0 0.000628908 0.0272017
1921.0 0.000627598 0.0272016
1922.0 0.000626291 0.0272015
1923.0 0.000624987 0.0272014
1924.0 0.000623686 0.0272013
1925.0 0.000622389 0.0272013
1926.0 0.000621096 0.0272012
1927.0 0.000619806 0.0272011
1928.0 0.000618519 0.0272010
1929.0 0.000617235 0.0272009
1930.0 0.000615955 0.0272008
1931.0 0.000614678 0.0272007
1932.0 0.000613404 0.0272006
1933.0 0.000612134 0.0272006
1934.0 0.000610867 0.0272005
1935.0 0.000609603 0.0272004
1936.0 0.000608342 0.0272003
1937.0 0.000607085 0.0272002
1938.0 0.000605831 0.0272001
1939.0 0.000604580 0.0272000
1940.0 0.000603333 0.0272000
1941.0 0.000602088 0.0271999
1942.0 0.000600847 0.0271998
1943.0 0.000599609 0.0271997
1944.0 0.000598375 0.0271996
1945.0 0.000597143 0.0271995
1946.0 0.000595915 0.0271994
1947.0 0.000594690 0.0271994
1948.0 0.000593467 0.0271993
1949.0 0.000592248 0.0271992
1950.0 0.000591033 0.0271991
1951.0 0.000589820 0.0271990
1952.0 0.000588610 0.0271989
1953.0 0.000587404 0.0271989
1954.0 0.000586201 0.0271988
1955.0 0.000585000 0.0271987
1956.0 0.000583803 0.0271986
1957.0 0.000582609 0.0271985
1958.0 0.000581418 0.0271984
1959.0 0.000580230 0.0271984
1960.0 0.000579044 0.0271983
1961.0 0.000577862 0.0271982
1962.0 0.000576683 0.0271981
1963.0 0.000575507 0.0271980
1964.0 0.000574334 0.0271979
1965.0 0.000573164 0.0271979
1966.0 0.000571997 0.0271978
1967.0 0.000570833 0.0271977
1968.0 0.000569672 0.0271976
1969.0 0.000568514 0.0271975
1970.0 0.000567359 0.0271975
1971.0 0.000566207 0.0271974
1972.0 0.000565057 0.0271973
1973.0 0.000563911 0.0271972
1974.0 0.000562767 0.0271971
1975.0 0.000561627 0.0271970
1976.0 0.000560489 0.0271970
1977.0 0.000559354 0.0271969
1978.0 0.000558222 0.0271968
1979.0 0.000557093 0.0271967
1980.0 0.000555967 0.0271966
1981.0 0.000554843 0.0271966
1982.0 0.000553723 0.0271965
1983.0 0.000552605 0.0271964
1984.0 0.000551490 0.0271963
1985.0 0.000550378 0.0271962
1986.0 0.000549268 0.0271962
1987.0 0.000548162 0.0271961
1988.0 0.000547058 0.0271960
1989.0 0.000545957 0.0271959
1990.0 0.000544859 0.0271958
1991.0 0.000543763 0.0271958
1992.0 0.000542671 0.0271957
1993.0 0.000541581 0.0271956
1994.0 0.000540494 0.0271955
1995.0 0.000539409 0.0271955
1996.0 0.000538327 0.0271954
1997.0 0.000537248 0.0271953
1998.0 0.000536172 0.0271952
1999.0 0.000535098 0.0271951
2000.0 0.000534027 0.0271951
2001.0 0.000532959 0.0271950
2002.0 0.000531893 0.0271949
2003.0 0.000530830 0.0271948
2004.0 0.000529770 0.0271948
2005.0 0.000528712 0.0271947
2006.0 0.000527657 0.0271946
2007.0 0.000526605 0.0271945
2008.0 0.000525555 0.0271944
2009.0 0.000524508 0.0271944
2010.0 0.000523464 0.0271943
2011.0 0.000522422 0.0271942
2012.0 0.000521382 0.0271941
2013.0 0.000520346 0.0271941
2014.0 0.000519311 0.0271940
2015.0 0.000518280 0.0271939
2016.0 0.000517251 0.0271938
2017.0 0.000516224 0.0271938
2018.0 0.000515200 0.0271937
2019.0 0.000514179 0.0271936
2020.0 0.000513160 0.0271935
2021.0 0.000512144 0.0271935
2022.0 0.000511130 0.0271934
2023.0 0.000510118 0.0271933
2024.0 0.000509110 0.0271932
2025.0 0.000508103 0.0271932
2026.0 0.000507099 0.0271931
2027.0 0.000506098 0.0271930
2028.0 0.000505099 0.0271929
2029.0 0.000504103 0.0271929
2030.0 0.000503109 0.0271928
2031.0 0.000502117 0.0271927
2032.0 0.000501128 0.0271926
2033.0 0.000500141 0.0271926
2034.0 0.000499157 0.0271925
2035.0 0.000498175 0.0271924
2036.0 0.000497196 0.0271923
2037.0 0.000496219 0.0271923
2038.0 0.000495244 0.0271922
2039.0 0.000494272 0.0271921
2040.0 0.000493302 0.0271920
2041.0 0.000492335 0.0271920
2042.0 0.000491370 0.0271919
2043.0 0.000490407 0.0271918
2044.0 0.000489447 0.0271918
2045.0 0.000488489 0.0271917
2046.0 0.000487533 0.0271916
2047.0 0.000486580 0.0271915
2048.0 0.000485629 0.0271915
2049.0 0.000484680 0.0271914
2050.0 0.000483734 0.0271913
2051.0 0.000482790 0.0271912
2052.0 0.000481848 0.0271912
2053.0 0.000480908 0.0271911
2054.0 0.000479971 0.0271910
2055.0 0.000479036 0.0271910
2056.0 0.000478104 0.0271909
2057.0 0.000477173 0.0271908
2058.0 0.000476245 0.0271907
2059.0 0.000475320 0.0271907
2060.0 0.000474396 0.0271906
2061.0 0.000473475 0.0271905
2062.0 0.000472556 0.0271905
2063.0 0.000471639 0.0271904
2064.0 0.000470724 0.0271903
2065.0 0.000469812 0.0271903
2066.0 0.000468902 0.0271902
2067.0 0.000467994 0.0271901
2068.0 0.000467088 0.0271900
2069.0 0.000466184 0.0271900
2070.0 0.000465283 0.0271899
2071.0 0.000464383 0.0271898
2072.0 0.000463486 0.0271898
2073.0 0.000462591 0.0271897
2074.0 0.000461699 0.0271896
2075.0 0.000460808 0.0271896
2076.0 0.000459920 0.0271895
2077.0 0.000459033 0.0271894
2078.0 0.000458149 0.0271893
2079.0 0.000457267 0.0271893
2080.0 0.000456387 0.0271892
2081.0 0.000455509 0.0271891
2082.0 0.000454634 0.0271891
2083.0 0.000453760 0.0271890
2084.0 0.000452889 0.0271889
2085.0 0.000452019 0.0271889
2086.0 0.000451152 0.0271888
2087.0 0.000450287 0.0271887
2088.0 0.000449424 0.0271887
2089.0 0.000448562 0.0271886
2090.0 0.000447703 0.0271885
2091.0 0.000446846 0.0271885
2092.0 0.000445992 0.0271884
2093.0 0.000445139 0.0271883
2094.0 0.000444288 0.0271882
2095.0 0.000443439 0.0271882
2096.0 0.000442592 0.0271881
2097.0 0.000441747 0.0271880
2098.0 0.000440905 0.0271880
2099.0 0.000440064 0.0271879
2100.0 0.000439225 0.0271878
2101.0 0.000438388 0.0271878
2102.0 0.000437554 0.0271877
2103.0 0.000436721 0.0271876
2104.0 0.000435890 0.0271876
2105.0 0.000435061 0.0271875
2106.0 0.000434235 0.0271874
2107.0 0.000433410 0.0271874
2108.0 0.000432587 0.0271873
2109.0 0.000431766 0.0271872
2110.0 0.000430947 0.0271872
2111.0 0.000430130 0.0271871
2112.0 0.000429315 0.0271870
2113.0 0.000428501 0.0271870
2114.0 0.000427690 0.0271869
2115.0 0.000426881 0.0271869
2116.0 0.000426073 0.0271868
2117.0 0.000425268 0.0271867
2118.0 0.000424464 0.0271867
2119.0 0.000423662 0.0271866
2120.0 0.000422862 0.0271865
2121.0 0.000422065 0.0271865
2122.0 0.000421268 0.0271864
2123.0 0.000420474 0.0271863
2124.0 0.000419682 0.0271863
2125.0 0.000418891 0.0271862
2126.0 0.000418103 0.0271861
2127.0 0.000417316 0.0271861
2128.0 0.000416531 0.0271860
2129.0 0.000415748 0.0271859
2130.0 0.000414967 0.0271859
2131.0 0.000414188 0.0271858
2132.0 0.000413410 0.0271857
2133.0 0.000412634 0.0271857
2134.0 0.000411860 0.0271856
2135.0 0.000411088 0.0271856
2136.0 0.000410318 0.0271855
2137.0 0.000409550 0.0271854
2138.0 0.000408783 0.0271854
2139.0 0.000408018 0.0271853
2140.0 0.000407255 0.0271852
2141.0 0.000406494 0.0271852
2142.0 0.000405734 0.0271851
2143.0 0.000404976 0.0271851
2144.0 0.000404220 0.0271850
2145.0 0.000403466 0.0271849
2146.0 0.000402714 0.0271849
2147.0 0.000401963 0.0271848
2148.0 0.000401214 0.0271847
2149.0 0.000400467 0.0271847
2150.0 0.000399721 0.0271846
2151.0 0.000398977 0.0271845
2152.0 0.000398235 0.0271845
2153.0 0.000397495 0.0271844
2154.0 0.000396757 0.0271844
2155.0 0.000396020 0.0271843
2156.0 0.000395285 0.0271842
2157.0 0.000394551 0.0271842
2158.0 0.000393819 0.0271841
2159.0 0.000393089 0.0271841
2160.0 0.000392361 0.0271840
2161.0 0.000391634 0.0271839
2162.0 0.000390909 0.0271839
2163.0 0.000390186 0.0271838
2164.0 0.000389464 0.0271837
2165.0 0.000388744 0.0271837
2166.0 0.000388026 0.0271836
2167.0 0.000387309 0.0271836
2168.0 0.000386594 0.0271835
2169.0 0.000385881 0.0271834
2170.0 0.000385169 0.0271834
2171.0 0.000384459 0.0271833
2172.0 0.000383751 0.0271833
2173.0 0.000383044 0.0271832
2174.0 0.000382339 0.0271831
2175.0 0.000381635 0.0271831
2176.0 0.000380934 0.0271830
2177.0 0.000380233 0.0271830
2178.0 0.000379534 0.0271829
2179.0 0.000378837 0.0271828
2180.0 0.000378142 0.0271828
2181.0 0.000377448 0.0271827
2182.0 0.000376756 0.0271827
2183.0 0.000376065 0.0271826
2184.0 0.000375376 0.0271825
2185.0 0.000374688 0.0271825
2186.0 0.000374002 0.0271824
2187.0 0.000373318 0.0271824
2188.0 0.000372635 0.0271823
2189.0 0.000371954 0.0271822
2190.0 0.000371274 0.0271822
2191.0 0.000370596 0.0271821
2192.0 0.000369919 0.0271821
2193.0 0.000369244 0.0271820
2194.0 0.000368571 0.0271820
2195.0 0.000367898 0.0271819
2196.0 0.000367228 0.0271818
2197.0 0.000366559 0.0271818
2198.0 0.000365892 0.0271817
2199.0 0.000365226 0.0271817
2200.0 0.000364561 0.0271816
2201.0 0.000363898 0.0271815
2202.0 0.000363237 0.0271815
2203.0 0.000362577 0.0271814
2204.0 0.000361919 0.0271814
2205.0 0.000361262 0.0271813
2206.0 0.000360606 0.0271813
2207.0 0.000359953 0.0271812
2208.0 0.000359300 0.0271811
2209.0 0.000358649 0.0271811
2210.0 0.000358000 0.0271810
2211.0 0.000357352 0.0271810
2212.0 0.000356705 0.0271809
2213.0 0.000356060 0.0271809
2214.0 0.000355416 0.0271808
2215.0 0.000354774 0.0271807
2216.0 0.000354134 0.0271807
2217.0 0.000353494 0.0271806
2218.0 0.000352856 0.0271806
2219.0 0.000352220 0.0271805
2220.0 0.000351585 0.0271805
2221.0 0.000350952 0.0271804
2222.0 0.000350319 0.0271803
2223.0 0.000349689 0.0271803
2224.0 0.000349059 0.0271802
2225.0 0.000348432 0.0271802
2226.0 0.000347805 0.0271801
2227.0 0.000347180 0.0271801
2228.0 0.000346557 0.0271800
2229.0 0.000345934 0.0271799
2230.0 0.000345314 0.0271799
2231.0 0.000344694 0.0271798
2232.0 0.000344076 0.0271798
2233.0 0.000343459 0.0271797
2234.0 0.000342844 0.0271797
2235.0 0.000342230 0.0271796
2236.0 0.000341618 0.0271796
2237.0 0.000341007 0.0271795
2238.0 0.000340397 0.0271794
2239.0 0.000339788 0.0271794
2240.0 0.000339181 0.0271793
2241.0 0.000338575 0.0271793
2242.0 0.000337971 0.0271792
2243.0 0.000337368 0.0271792
2244.0 0.000336766 0.0271791
2245.0 0.000336166 0.0271791
2246.0 0.000335567 0.0271790
2247.0 0.000334969 0.0271790
2248.0 0.000334373 0.0271789
2249.0 0.000333778 0.0271788
2250.0 0.000333184 0.0271788
2251.0 0.000332592 0.0271787
2252.0 0.000332001 0.0271787
2253.0 0.000331411 0.0271786
2254.0 0.000330823 0.0271786
2255.0 0.000330236 0.0271785
2256.0 0.000329650 0.0271785
2257.0 0.000329065 0.0271784
2258.0 0.000328482 0.0271784
2259.0 0.000327900 0.0271783
2260.0 0.000327320 0.0271783
2261.0 0.000326740 0.0271782
2262.0 0.000326162 0.0271781
2263.0 0.000325585 0.0271781
2264.0 0.000325010 0.0271780
2265.0 0.000324436 0.0271780
2266.0 0.000323863 0.0271779
2267.0 0.000323291 0.0271779
2268.0 0.000322721 0.0271778
2269.0 0.000322151 0.0271778
2270.0 0.000321583 0.0271777
2271.0 0.000321017 0.0271777
2272.0 0.000320451 0.0271776
2273.0 0.000319887 0.0271776
2274.0 0.000319324 0.0271775
2275.0 0.000318762 0.0271775
2276.0 0.000318202 0.0271774
2277.0 0.000317643 0.0271774
2278.0 0.000317085 0.0271773
2279.0 0.000316528 0.0271772
2280.0 0.000315972 0.0271772
2281.0 0.000315418 0.0271771
2282.0 0.000314865 0.0271771
2283.0 0.000314313 0.0271770
2284.0 0.000313762 0.0271770
2285.0 0.000313213 0.0271769
2286.0 0.000312664 0.0271769
2287.0 0.000312117 0.0271768
2288.0 0.000311571 0.0271768
2289.0 0.000311027 0.0271767
2290.0 0.000310483 0.0271767
2291.0 0.000309941 0.0271766
2292.0 0.000309400 0.0271766
2293.0 0.000308860 0.0271765
2294.0 0.000308321 0.0271765
2295.0 0.000307783 0.0271764
2296.0 0.000307247 0.0271764
2297.0 0.000306711 0.0271763
2298.0 0.000306177 0.0271763
2299.0 0.000305644 0.0271762
2300.0 0.000305113 0.0271762
2301.0 0.000304582 0.0271761
2302.0 0.000304052 0.0271761
2303.0 0.000303524 0.0271760
2304.0 0.000302997 0.0271760
2305.0 0.000302471 0.0271759
2306.0 0.000301946 0.0271759
2307.0 0.000301422 0.0271758
2308.0 0.000300899 0.0271758
2309.0 0.000300378 0.0271757
2310.0 0.000299858 0.0271757
2311.0 0.000299338 0.0271756
2312.0 0.000298820 0.0271756
2313.0 0.000298303 0.0271755
2314.0 0.000297787 0.0271755
2315.0 0.000297273 0.0271754
2316.0 0.000296759 0.0271754
2317.0 0.000296246 0.0271753
2318.0 0.000295735 0.0271753
2319.0 0.000295225 0.0271752
2320.0 0.000294715 0.0271752
2321.0 0.000294207 0.0271751
2322.0 0.000293700 0.0271751
2323.0 0.000293194 0.0271750
2324.0 0.000292689 0.0271750
2325.0 0.000292186 0.0271749
2326.0 0.000291683 0.0271749
2327.0 0.000291181 0.0271748
2328.0 0.000290681 0.0271748
2329.0 0.000290181 0.0271747
2330.0 0.000289683 0.0271747
2331.0 0.000289186 0.0271746
2332.0 0.000288689 0.0271746
2333.0 0.000288194 0.0271745
2334.0 0.000287700 0.0271745
2335.0 0.000287207 0.0271744
2336.0 0.000286715 0.0271744
2337.0 0.000286224 0.0271743
2338.0 0.000285734 0.0271743
2339.0 0.000285245 0.0271742
2340.0 0.000284757 0.0271742
2341.0 0.000284271 0.0271741
2342.0 0.000283785 0.0271741
2343.0 0.000283300 0.0271740
2344.0 0.000282817 0.0271740
2345.0 0.000282334 0.0271739
2346.0 0.000281852 0.0271739
2347.0 0.000281372 0.0271738
2348.0 0.000280892 0.0271738
2349.0 0.000280414 0.0271738
2350.0 0.000279936 0.0271737
2351.0 0.000279460 0.0271737
2352.0 0.000278984 0.0271736
2353.0 0.000278510 0.0271736
2354.0 0.000278036 0.0271735
2355.0 0.000277564 0.0271735
2356.0 0.000277092 0.0271734
2357.0 0.000276622 0.0271734
2358.0 0.000276153 0.0271733
2359.0 0.000275684 0.0271733
2360.0 0.000275217 0.0271732
2361.0 0.000274750 0.0271732
2362.0 0.000274285 0.0271731
2363.0 0.000273820 0.0271731
2364.0 0.000273357 0.0271730
2365.0 0.000272894 0.0271730
2366.0 0.000272433 0.0271730
2367.0 0.000271972 0.0271729
2368.0 0.000271512 0.0271729
2369.0 0.000271054 0.0271728
2370.0 0.000270596 0.0271728
2371.0 0.000270139 0.0271727
2372.0 0.000269684 0.0271727
2373.0 0.000269229 0.0271726
2374.0 0.000268775 0.0271726
2375.0 0.000268322 0.0271725
2376.0 0.000267870 0.0271725
2377.0 0.000267419 0.0271724
2378.0 0.000266969 0.0271724
2379.0 0.000266520 0.0271724
2380.0 0.000266072 0.0271723
2381.0 0.000265625 0.0271723
2382.0 0.000265179 0.0271722
2383.0 0.000264734 0.0271722
2384.0 0.000264289 0.0271721
2385.0 0.000263846 0.0271721
2386.0 0.000263403 0.0271720
2387.0 0.000262962 0.0271720
2388.0 0.000262521 0.0271719
2389.0 0.000262081 0.0271719
2390.0 0.000261642 0.0271719
2391.0 0.000261205 0.0271718
2392.0 0.000260768 0.0271718
2393.0 0.000260332 0.0271717
2394.0 0.000259896 0.0271717
2395.0 0.000259462 0.0271716
2396.0 0.000259029 0.0271716
2397.0 0.000258596 0.0271715
2398.0 0.000258165 0.0271715
2399.0 0.000257734 0.0271714
2400.0 0.000257305 0.0271714
2401.0 0.000256876 0.0271714
2402.0 0.000256448 0.0271713
2403.0 0.000256021 0.0271713
2404.0 0.000255595 0.0271712
2405.0 0.000255169 0.0271712
2406.0 0.000254745 0.0271711
2407.0 0.000254321 0.0271711
2408.0 0.000253899 0.0271710
2409.0 0.000253477 0.0271710
2410.0 0.000253056 0.0271710
2411.0 0.000252636 0.0271709
2412.0 0.000252217 0.0271709
2413.0 0.000251799 0.0271708
2414.0 0.000251381 0.0271708
2415.0 0.000250965 0.0271707
2416.0 0.000250549 0.0271707
2417.0 0.000250134 0.0271707
2418.0 0.000249720 0.0271706
2419.0 0.000249307 0.0271706
2420.0 0.000248895 0.0271705
2421.0 0.000248484 0.0271705
2422.0 0.000248073 0.0271704
2423.0 0.000247663 0.0271704
2424.0 0.000247255 0.0271703
2425.0 0.000246847 0.0271703
2426.0 0.000246439 0.0271703
2427.0 0.000246033 0.0271702
2428.0 0.000245628 0.0271702
2429.0 0.000245223 0.0271701
2430.0 0.000244819 0.0271701
2431.0 0.000244416 0.0271700
2432.0 0.000244014 0.0271700
2433.0 0.000243613 0.0271700
2434.0 0.000243212 0.0271699
2435.0 0.000242813 0.0271699
2436.0 0.000242414 0.0271698
2437.0 0.000242016 0.0271698
2438.0 0.000241618 0.0271697
2439.0 0.000241222 0.0271697
2440.0 0.000240826 0.0271697
2441.0 0.000240432 0.0271696
2442.0 0.000240038 0.0271696
2443.0 0.000239645 0.0271695
2444.0 0.000239252 0.0271695
2445.0 0.000238861 0.0271694
2446.0 0.000238470 0.0271694
2447.0 0.000238080 0.0271694
2448.0 0.000237691 0.0271693
2449.0 0.000237302 0.0271693
2450.0 0.000236915 0.0271692
2500.0 0.000219840 0.027169
2550.0 0.000204530 0.027169